165
4 143 489 196 188
2 107 58
4 356 337 222 414
4 267 345 136 247
4 207 334 41 443
4 455 0 403 405
4 452 50 281 383
2 317 139
2 393 261
4 402 301 208 96
3 236 61 216
3 369 10 114
4 386 210 218 68
4 223 404 76 160
3 100 49 410
3 45 438 63
4 278 371 89 262
4 104 220 13 265
3 434 431 497
3 35 478 253
2 48 336
4 201 28 464 25
3 319 119 311
3 228 493 307
2 399 200
4 425 305 44 244
2 175 205
2 295 294
4 215 372 141 292
3 310 59 382
3 380 213 169
3 491 109 441
3 133 471 198
4 488 137 172 316
3 238 306 55
4 387 92 132 429
2 3 197
3 162 268 266
2 448 78
4 388 191 64 159
3 26 391 409
4 217 255 224 286
4 496 202 245 309
4 72 14 8 152
4 482 193 273 470
3 186 479 77
3 124 442 70
2 331 461
3 166 432 69
2 91 5
3 149 246 234
4 212 39 390 435
3 366 466 81
4 353 469 209 20
4 142 423 415 355
2 376 103
3 321 456 318
4 446 303 164 427
3 463 101 9
3 298 411 330
2 483 46
3 498 16 127
2 113 85
2 115 277
4 110 258 43 341
4 153 413 472 93
3 322 225 230
3 178 362 282
4 134 112 467 120
4 476 327 131 396
2 361 233
4 379 433 17 129
3 499 477 102
3 18 6 260
4 145 384 99 428
4 313 249 375 378
2 74 492
2 154 401
3 67 94 354
4 195 284 7 454
2 264 350
2 473 257
4 449 308 430 315
3 274 15 407
3 272 290 11
2 156 144
4 176 426 105 374
2 293 395
3 406 125 444
3 457 450 158
3 480 190 370
3 486 108 439
2 57 116
4 184 1 487 252
3 459 128 302
3 80 135 90
2 171 150
4 263 385 23 484
3 192 418 400
3 424 437 4
3 111 189 326
3 359 335 465
4 342 344 183 416
2 352 314
3 31 22 214
4 206 2 397 87
2 62 364
3 181 219 259
4 227 40 177 254
2 47 24
2 179 32
3 481 187 339
4 239 21 360 173
3 211 95 199
3 329 165 140
3 130 408 279
2 373 490
3 368 474 27
4 98 363 340 412
3 174 203 168
4 121 475 161 250
2 304 351
4 367 52 299 56
3 346 494 436
4 221 324 325 242
2 349 338
4 347 38 54 323
4 348 138 226 291
2 97 240
4 237 451 36 453
4 280 297 37 229
4 462 146 468 151
3 155 275 53
4 73 289 60 241
3 194 19 460
2 79 398
2 182 83
2 377 495
3 82 458 296
2 312 285
3 358 485 126
2 343 123
2 235 157
2 271 447
3 30 185 243
3 419 122 84
2 42 269
4 283 251 88 167
2 65 320
2 118 33
4 392 248 420 232
3 276 328 106
2 231 389
2 287 445
2 34 422
2 12 71
2 270 256
2 204 381
2 417 180
4 440 148 86 66
4 332 288 170 51
2 357 421
3 333 163 117
4 394 147 75 300
2 365 29
