1628
4 3660 3786 6378 2426
4 8436 4412 273 1217
4 8062 1025 7055 1484
4 5994 9003 6394 7843
4 5232 6398 9382 4087
4 2228 7472 7452 6541
4 7536 7208 2346 8512
4 2636 3861 3821 4857
4 6363 8852 796 9771
4 2669 8703 258 89
4 6970 7015 8443 1620
4 3511 3722 8398 7299
4 5486 7586 2162 8652
4 4557 606 3879 5112
4 6318 2402 1973 9341
4 8966 9528 4815 7944
4 9977 1488 219 5827
4 4806 6741 9347 7557
4 6243 4853 4749 7189
4 2774 2342 4034 708
4 1519 8487 4911 963
4 4164 3460 3141 5205
4 3669 1260 2207 5991
4 6374 3099 1815 36
4 8686 3123 3257 5499
4 4795 9056 7744 9747
4 2309 4767 2293 5677
4 4420 1163 4790 3457
4 1884 9621 1276 9951
4 2967 2142 8188 4530
4 6787 199 6340 6076
4 6005 8979 3907 7579
4 2938 7355 3200 178
4 8339 5456 3357 3361
4 8296 7921 1380 393
4 899 4418 6439 3812
4 1393 9059 4534 9452
4 8588 2279 7468 1597
4 6310 2194 7795 6343
4 2366 4972 524 2134
4 4535 4370 6055 575
4 1502 9735 4721 8390
4 4561 9589 5746 7224
4 9732 3334 4829 349
4 4848 1320 460 6525
4 1921 2617 1398 2602
4 8137 8896 9587 6545
4 5652 5910 4463 5894
4 1056 3718 8525 5033
4 5969 3996 5753 5519
4 55 151 871 2652
4 2168 6772 1086 4648
4 1191 4124 2406 687
4 7830 9375 2193 6281
4 4732 4354 4429 9926
4 7219 5290 9830 7458
4 402 7368 3614 5888
4 356 8165 1547 1213
4 6917 8533 7112 5226
4 7910 8935 2566 364
4 7482 4205 9548 5215
4 601 4143 3455 992
4 697 7884 2397 1104
4 5181 3663 6815 1232
4 158 973 2385 7390
4 4554 8127 5701 1781
4 5096 2557 8255 7793
4 8030 6633 2285 1782
4 1074 6662 7242 7115
4 1873 4810 8574 3890
4 2835 9272 3420 4142
4 8587 182 1067 5814
4 6415 7688 8890 9714
4 5694 1586 5944 1716
4 1838 3513 3592 1205
4 2302 1657 9559 7512
4 1664 1809 7980 4607
4 7376 6953 5716 9524
4 3169 7479 2808 5567
4 9454 6194 4910 9017
4 5608 9795 1593 7895
4 5231 3393 380 767
4 6755 7129 1818 7188
4 5722 9369 6709 4168
4 1040 4486 7606 2062
4 4314 6130 664 9665
4 4652 7164 1425 6498
4 5794 9308 5667 6556
4 5396 5094 5272 9923
4 5365 5126 3202 7597
4 1514 9434 9191 1216
4 4942 315 6111 2973
4 9011 4859 8746 7168
4 6461 3452 7558 8399
4 1156 9582 5543 2498
4 8260 740 1545 9779
4 392 2916 9365 7361
4 7572 9315 6973 4396
4 5091 6259 8102 905
4 5954 9300 5665 8470
4 3312 4874 6257 8385
4 2563 261 2614 6677
4 417 4846 717 7333
4 7664 1491 2695 7928
4 1047 8689 1386 9723
4 1257 68 1868 1399
4 3652 6060 9832 8822
4 610 8184 3259 7502
4 1060 3265 23 9483
4 4682 6301 1581 4908
4 7745 2674 7845 7082
4 3404 4854 5596 1403
4 7068 9568 7327 1325
4 930 8655 2887 3284
4 9741 8708 8178 7872
4 3292 2875 4254 7807
4 7330 4539 5867 6542
4 2268 2319 7953 5721
4 2282 2815 3961 9278
4 9426 8010 6725 6900
4 7615 6523 5059 3648
4 6406 3221 8299 4774
4 2512 1582 1610 9079
4 7367 8656 7943 7789
4 7608 9556 7509 6142
4 8276 617 5436 1534
4 2184 9362 6241 4869
4 3061 3368 4984 7054
4 7924 7084 6661 9746
4 9480 6042 6684 3428
4 5149 1030 3191 3500
4 1042 5368 7259 1303
4 2336 487 6107 6608
4 212 3401 4646 1369
4 9965 6290 1608 5127
4 9443 389 4502 1196
4 511 382 3403 264
4 858 9126 8749 5085
4 3799 280 827 8694
4 754 2657 2559 325
4 5241 4861 2083 6307
4 6254 4136 2124 6672
4 2654 2610 2288 2165
4 8328 6567 50 4919
4 2092 2084 4234 5899
4 1747 1915 8080 7609
4 7050 8333 452 2396
4 5886 4210 1778 558
4 8800 8396 2436 7778
4 8370 757 1137 6939
4 3178 2099 7511 4533
4 1678 2438 31 778
4 3958 1370 3685 304
4 3272 3868 914 4090
4 1090 675 614 5572
4 1103 5357 4927 607
4 9081 5824 3651 7474
4 1960 3155 4902 8116
4 6417 7091 2024 6557
4 4025 5247 3441 9001
4 6800 7734 2482 952
4 7342 9848 4263 8452
4 6972 6895 3537 2710
4 2297 2075 5885 2621
4 2837 9363 1680 8953
4 6074 6845 2071 8162
4 924 2653 1832 8458
4 6066 9227 3104 6510
4 2101 4965 8397 4560
4 8532 4492 2235 9631
4 124 7485 2132 3394
4 7285 5120 7178 8307
4 2981 2236 2693 2474
4 9428 3964 9253 4971
4 7827 5625 4445 5728
4 7378 2112 7570 7935
4 2395 6736 4189 5648
4 4982 2218 1658 6864
4 560 1417 2801 9963
4 3066 6359 8009 6771
4 6337 7702 4801 5131
4 3878 6051 9552 358
4 4207 7260 8460 3770
4 118 5801 2915 3797
4 1537 1239 2937 5386
4 5541 9333 2878 8715
4 5394 164 2067 334
4 4250 6758 9698 5762
4 4897 8683 4092 3554
4 8489 7617 1932 4884
4 3016 4149 6619 9266
4 9803 4594 6475 5361
4 8227 3635 8355 5186
4 2058 1666 2979 1846
4 7869 7281 5999 5258
4 1677 5439 8666 6629
4 2983 7388 978 1453
4 5504 5135 255 8676
4 3735 8129 6474 8311
4 6328 2145 373 6971
4 8559 1621 3092 8697
4 5782 7730 8785 2758
4 9958 1109 5044 4137
4 4393 6712 6599 6526
4 7289 6262 3203 6732
4 2805 7214 8468 3172
4 7743 267 5028 7817
4 3852 6013 5089 1443
4 7622 8099 6615 4750
4 5933 2037 2078 3991
4 9513 9783 5642 5851
4 2049 9648 3321 8405
4 5330 2926 2453 9305
4 7637 9842 200 738
4 6445 2356 8342 1199
4 7987 3090 7722 4332
4 7454 2579 24 3520
4 1688 9620 208 4990
4 7090 3004 9833 3817
4 6431 823 4816 2053
4 201 6168 1423 6446
4 4976 2792 4587 4742
4 3922 2169 9280 8960
4 6992 342 8110 4748
4 9043 8285 5097 1682
4 1914 8183 6827 7312
4 5128 5507 3582 5904
4 9712 797 3162 1328
4 7682 7331 3833 1705
4 2859 4630 6914 4842
4 994 5281 7488 6448
4 3525 9784 5749 8826
4 7605 2784 6216 9888
4 427 2096 2507 6891
4 2347 762 1366 1718
4 8291 5428 4926 9822
4 5871 5348 6781 6041
4 4504 722 6416 2864
4 9370 3809 217 531
4 3507 444 6383 8372
4 4575 3256 5956 485
4 8608 3919 9265 3840
4 756 1617 4402 6288
4 8082 7650 4482 387
4 5509 27 1744 2779
4 2339 6944 4523 0
4 7425 6089 8957 2946
4 3434 7241 4459 2287
4 5146 8958 8481 6793
4 1400 8564 9612 4215
4 7074 8638 1351 1668
4 1487 4346 2422 9821
4 4710 424 3535 9218
4 7053 7553 1562 8154
4 4521 7042 1244 5974
4 5613 2799 1819 2460
4 5362 790 7063 7956
4 6207 4355 3723 6843
4 6080 9720 1808 400
4 1360 2527 1949 1124
4 6605 6503 5455 8044
4 1032 9569 3253 2789
4 4046 536 6314 9161
4 3755 4526 6650 7126
4 63 974 4479 2777
4 505 9140 4089 2164
4 1671 6862 5077 2647
4 8808 2969 144 9035
4 8021 1739 3737 624
4 5816 7225 3686 99
4 6946 86 6703 9326
4 3875 465 7140 5823
4 2241 9283 787 8028
4 9664 130 4507 2495
4 1735 9825 9236 2183
4 1835 7828 6748 737
4 5798 3130 1969 2561
4 1700 6888 8889 8314
4 7698 3612 2444 2063
4 8599 6616 6268 9667
4 4475 6659 7149 3139
4 2975 276 5410 519
4 5075 2029 5570 8562
4 8793 5104 9853 2437
4 3972 8131 635 4755
4 6381 5337 5191 1269
4 4057 3721 1622 538
4 8232 9435 2398 8433
4 1645 8394 3966 3781
4 4876 9702 8226 4198
4 3963 7709 1058 3177
4 4158 3024 8949 7038
4 8450 3550 319 1218
4 3277 5491 785 2022
4 8221 4953 3908 489
4 8061 9555 608 9091
4 7630 5324 598 9230
4 6726 9053 3046 1704
4 4821 5881 9566 5079
4 5803 1746 6791 4146
4 7905 3569 4270 9192
4 4417 8108 5212 2987
4 2304 5460 2492 1877
4 5043 5869 3726 7590
4 2489 3389 9504 9516
4 987 1523 6084 1449
4 4687 5291 1182 3164
4 7838 4894 4086 7774
4 9085 2500 7614 1318
4 3318 1848 4056 6623
4 6201 5924 3744 9945
4 2381 2920 1114 2556
4 2866 4131 388 6486
4 4178 7280 5444 2918
4 2239 1371 8140 3462
4 6577 7232 1866 1243
4 6036 1976 9466 8211
4 7196 6912 7602 4555
4 1082 4422 8696 7300
4 5035 4317 5166 3063
4 4253 2886 1810 5685
4 2962 9650 110 90
4 3595 3223 6329 4602
4 1904 1787 6004 1372
4 1662 6322 3410 9581
4 8004 1146 4232 8904
4 7073 6679 4220 7925
4 9221 8485 7348 4747
4 1844 1479 5978 3481
4 6790 8477 2289 4139
4 2087 7835 3336 3372
4 5682 6085 2587 5356
4 4917 7185 251 8016
4 8445 4006 2180 3184
4 6723 4285 9229 7690
4 8148 7761 5418 3825
4 4921 8913 1852 2745
4 8744 6775 7704 7585
4 9864 9572 4593 1472
4 2271 5301 9409 7134
4 898 4182 7638 4405
4 1887 6747 6253 1401
4 3249 7858 6923 1876
4 942 6477 7041 6015
4 711 7295 3593 3413
4 7846 2082 9976 8112
4 8294 3804 7029 8118
4 5225 3610 7408 4286
4 2655 3699 9508 8860
4 8969 9101 5118 9010
4 2266 2072 7717 4457
4 2138 1176 2935 5825
4 5853 1736 3542 7868
4 9794 2048 7842 4453
4 2528 7201 4856 9855
4 313 6171 5161 3370
4 4756 3415 1245 4778
4 5347 498 4997 8085
4 2611 8653 1737 3585
4 8524 3124 6797 1679
4 3729 8931 5641 5255
4 8983 3529 3532 4582
4 6570 9919 6962 2999
4 1775 7346 8558 8845
4 3957 4 2565 9292
4 7494 5364 5947 5220
4 8984 5530 108 7246
4 5010 5914 5106 4738
4 6658 375 4495 5738
4 9358 528 1589 289
4 1293 3544 5490 9167
4 9507 5902 438 4858
4 5471 8209 6437 5953
4 9668 7217 2603 2554
4 5037 4242 4512 7568
4 2644 9487 2931 397
4 4021 3568 2607 7215
4 7986 6722 3031 478
4 1052 6589 8980 5560
4 1406 4458 8115 4893
4 6877 4299 3176 1038
4 2910 1702 521 7166
4 2104 5176 9204 4235
4 9417 3369 143 1862
4 7421 155 8038 3133
4 1612 1632 9486 4065
4 2925 550 7083 8506
4 1093 5175 6647 8270
4 8172 5147 3344 192
4 9381 2700 9710 8607
4 9993 2631 3153 8760
4 4933 8466 138 2097
4 4157 5308 3824 3754
4 4054 4428 8770 7173
4 9471 6350 3618 9860
4 8664 640 2948 2663
4 9701 965 7273 627
4 5 6312 1333 9173
4 274 8858 4779 3609
4 9766 4617 6038 366
4 445 2712 4713 8870
4 2478 5678 2103 1542
4 3667 9675 9135 1305
4 5501 8287 4300 1939
4 9078 8798 9488 1552
4 9225 8305 214 148
4 4889 8320 8229 3069
4 8152 9724 2481 257
4 7661 6988 7755 8363
4 6926 7640 3005 1069
4 7184 4995 933 472
4 8499 2032 3764 5143
4 8629 6639 2717 2382
4 8049 6590 2553 8840
4 2689 2469 6256 3689
4 6934 4464 6846 9840
4 6836 4904 6370 3709
4 2584 8970 6423 3269
4 2504 682 704 7647
4 9166 6342 2331 1984
4 9787 6494 9255 2658
4 7117 4762 1646 2470
4 4960 7459 2074 8687
4 4944 9514 9022 6566
4 746 9052 1674 1110
4 9758 6906 2153 7019
4 8700 8675 6952 5087
4 3373 7915 1410 1774
4 7120 2041 1729 5936
4 3156 5189 5603 8929
4 999 8848 1340 6549
4 3377 7244 2626 9610
4 1615 7530 3518 5538
4 431 7591 8429 9482
4 5488 3289 6092 6140
4 3488 4597 2677 7907
4 5179 6352 4527 9689
4 9742 2715 4702 5707
4 9750 8153 9519 9163
4 552 2956 2365 5218
4 5273 2509 7282 781
4 7146 8934 8859 3062
4 4688 8925 6418 7345
4 1317 4667 8799 4578
4 943 6530 5333 1265
4 8247 2530 3482 6500
4 8026 7079 1337 8578
4 6760 8580 9401 7636
4 3758 909 3135 853
4 8430 6478 1661 3309
4 2766 4101 3519 9304
4 4368 260 4219 3407
4 3341 6852 5766 5178
4 8344 1190 4987 9909
4 4290 4845 2428 2267
4 2590 8482 5373 9267
4 6995 8727 2506 1117
4 1544 2778 4741 2144
4 2897 5343 9623 1164
4 1574 5609 97 1192
4 1059 7433 7412 1355
4 2575 3365 8134 5938
4 3653 4598 6958 7811
4 1734 302 5636 8604
4 4678 5052 569 636
4 939 5208 6021 8775
4 8719 2662 8572 9189
4 4784 6252 9127 8856
4 4570 2418 4609 1644
4 9344 1272 2012 9119
4 1170 6660 5537 7195
4 7340 6039 6628 9711
4 9142 7504 6770 3541
4 8612 2035 907 8735
4 3803 9642 7402 2538
4 491 1874 2361 9809
4 5369 9523 874 2400
4 789 8105 938 6624
4 7633 4117 611 4635
4 8522 2759 908 6118
4 642 7004 508 6584
4 864 3579 248 6079
4 3182 9050 9659 5372
4 8523 8367 4946 6115
4 9857 7326 1129 8020
4 8645 4716 1820 7681
4 2089 5684 9597 5038
4 5883 5366 3997 3085
4 9505 3862 5310 9353
4 1128 5717 4681 3894
4 8649 4451 749 5434
4 1780 5768 8018 7414
4 8741 3447 5820 132
4 477 7033 2645 7866
4 149 8417 7619 74
4 3324 4176 5493 7768
4 8914 5575 9756 2197
4 886 2589 3769 4222
4 8135 7097 3647 7306
4 2671 3889 1560 3478
4 6296 2957 8743 9579
4 6082 4135 107 7739
4 4296 3101 3358 3261
4 4199 3327 5715 4106
4 2783 2643 4008 9970
4 7114 8425 1311 5542
4 7416 2649 3020 5887
4 857 6332 1206 9536
4 211 9729 1020 6495
4 8334 6499 6458 6982
4 449 3747 8592 3617
4 8472 1944 9738 2971
4 1580 600 7174 3337
4 4003 5306 5409 6305
4 6536 2854 8919 8143
4 7748 2516 3275 5830
4 3359 5485 7017 4053
4 8261 2909 5162 119
4 5517 1006 9437 5737
4 548 5856 3661 3035
4 7814 3010 6223 7537
4 2392 5584 6176 2312
4 8909 6000 5723 5211
4 2393 5389 632 8989
4 1441 2558 1145 9651
4 8202 4305 8483 4991
4 5600 8133 2596 8070
4 7909 4280 2599 1816
4 2064 9129 893 6459
4 951 8317 8855 2871
4 3732 6263 5253 8066
4 8306 5581 5813 7203
4 8729 3945 3476 9251
4 7409 692 8988 5805
4 469 5150 2954 6867
4 6052 2711 5100 4705
4 1788 5826 3039 3470
4 7366 1893 997 9777
4 5523 7589 5948 8013
4 2322 9031 7269 6580
4 3204 9526 5771 7193
4 1207 2125 5387 9258
4 8231 4118 8861 9066
4 2896 5214 2461 7741
4 9164 7247 8849 6429
4 8292 6532 4111 4643
4 9319 1251 4828 8486
4 1793 5165 8789 7069
4 4699 1070 3442 2015
4 5431 3864 7983 9594
4 5565 7263 6657 6162
4 8977 5484 8777 3167
4 4221 5053 1144 6438
4 9028 3849 4312 7904
4 2187 7670 7713 476
4 3624 4689 896 6396
4 2081 4195 6434 4757
4 9474 7429 8274 6611
4 9491 5981 7510 3869
4 279 6377 921 6117
4 5072 3820 9350 3563
4 3848 2479 5548 5946
4 295 3308 3376 407
4 2891 6158 1579 1034
4 7945 6345 2374 1530
4 6801 2964 5103 14
4 990 9367 9791 7227
4 2004 9462 9175 8639
4 3043 1061 6868 1676
4 7837 5494 7522 1595
4 4273 1640 4771 7799
4 515 5500 9238 843
4 8560 2743 4947 4406
4 8259 656 1448 9150
4 8828 3486 243 2148
4 1442 4824 1927 8738
4 836 4024 7207 3473
4 237 8844 4619 1751
4 391 414 9151 1298
4 4733 1613 5451 4438
4 3409 8630 1203 79
4 9629 3248 1184 5554
4 6302 194 6382 3574
4 6686 7496 4481 2177
4 8780 9656 3739 6513
3 5318 7574 9058
3 4319 7101 1570
3 6820 8451 3304
3 4518 6099 9094
3 1634 87 4360
3 9071 8032 5246
3 9124 84 8060
3 3264 6508 925
3 6929 2740 683
3 2794 2668 3923
3 6435 9455 6065
3 9037 4517 1895
3 9834 9680 5200
3 8180 459 8279
3 654 8386 7013
3 2128 3572 1158
3 9432 2465 7077
3 984 3160 8465
3 2696 5260 9500
3 8662 6170 263
3 9638 6471 662
3 3952 1277 7863
3 9219 5282 4027
3 9015 3521 4823
3 3030 9082 1459
3 2189 3273 7598
3 7565 6694 629
3 8092 1302 5777
3 9503 8682 2720
3 9396 9530 6139
3 8076 2949 4069
3 3323 7972 9064
3 9721 7629 2386
3 8955 7544 8467
3 2028 7963 8963
3 8241 2163 8605
3 5622 5376 9027
3 3540 2605 6278
3 1633 8033 8781
3 6088 4110 6127
3 5632 2678 602
3 7447 5973 6959
3 9105 3902 9817
3 7729 9269 4549
3 2772 733 4571
3 2330 8552 5963
3 9007 8324 2550
3 4212 5917 3884
3 7081 9459 7490
3 4718 8654 6975
3 8774 6505 1850
3 2666 8097 2746
3 9897 2994 2166
3 5960 8453 6919
3 6905 6763 1795
3 6453 6106 9420
3 6986 5457 4576
3 8412 5925 8878
3 2502 1456 4989
3 4717 902 8529
3 5522 8150 6218
3 8160 2357 6299
3 3782 9303 5966
3 657 7190 5595
3 3483 7152 9606
3 7499 9103 2110
3 9425 2950 3710
3 5926 6534 8065
3 3161 706 1611
3 6460 983 4709
3 3977 6320 7898
3 9019 7324 1241
3 4248 6447 3616
3 4651 2098 5442
3 856 5549 516
3 3842 5498 3601
3 8831 6527 3646
3 4291 4070 368
3 1094 8142 9838
3 184 4999 5030
3 4735 7109 8503
3 3990 4383 2003
3 8706 3367 6640
3 1432 6355 7365
3 1604 4660 9337
3 2485 4920 4723
3 4558 1345 6769
3 5445 4408 821
3 9139 4040 1689
3 3975 7139 6020
3 9334 4430 8325
3 4400 5383 9356
3 9677 7896 2683
3 6807 8663 1860
3 3222 4883 8494
3 4813 3934 3677
3 2685 2376 2369
3 503 3081 9706
3 1112 1099 9114
3 8007 1970 9880
3 6333 3052 4409
3 625 4669 7167
3 6062 2519 694
3 1875 9815 6596
3 2828 5563 865
3 2513 6491 458
3 6489 3671 7584
3 1851 9935 16
3 3437 6858 1255
3 7957 4224 9812
3 4907 5269 1160
3 918 2959 1480
3 1510 867 7119
3 8520 5739 2129
3 3683 1324 9212
3 3761 7805 5395
3 5454 1186 5009
3 9585 9565 1161
3 5872 7363 5989
3 7418 961 8786
3 8827 8392 6976
3 5403 5237 290
3 3926 685 2486
3 7279 2545 4918
3 1100 2019 5476
3 1429 8661 5714
3 8603 4028 3299
3 1031 6622 4834
3 6987 5751 4190
3 5997 3150 4088
3 8922 9241 2572
3 1937 5577 4922
3 8923 3705 4954
3 838 9100 2634
3 4269 5819 8288
3 4247 5448 7007
3 3339 8253 3743
3 8816 1222 1909
3 4325 7172 3675
3 1546 8271 5309
3 2249 4931 8710
3 8208 3524 1152
3 2202 6054 4331
3 3987 7028 9934
3 9802 4937 8596
3 4460 2324 9925
3 7839 8357 5415
3 1071 1525 3912
3 9719 9944 7947
3 4413 5928 4961
3 989 2300 2639
3 6113 5857 9318
3 6063 6968 481
3 493 8101 4751
3 5470 3700 466
3 5666 7449 7443
3 34 2824 8942
3 7689 5955 3606
3 9567 2094 2748
3 7954 4155 1517
3 2820 2259 7653
3 588 4160 9014
3 9032 7528 6576
3 226 8602 7089
3 743 3109 5741
3 5042 9930 5374
3 3615 7593 4700
3 1107 3320 9262
3 6496 4394 408
3 6606 4872 2370
3 2477 9782 44
3 6829 231 6676
3 9903 4683 2942
3 1014 5416 2841
3 284 5908 9704
3 2877 3857 6643
3 8196 3789 9628
3 5555 3283 5473
3 5637 6246 1280
3 4365 6185 9108
3 6821 2199 890
3 5631 5261 761
3 9309 3950 1039
3 2756 6782 4344
3 3702 1464 2353
3 6285 2860 9593
3 8006 2368 3008
3 4279 4461 1864
3 2826 9906 53
3 9497 7643 5653
3 1267 1723 4013
3 9967 9481 8750
3 2483 7880 8565
3 2968 7354 8199
3 510 1929 6388
3 1122 8072 1722
3 2088 5134 7302
3 8557 8618 934
3 2919 4892 8056
3 8068 3900 7094
3 1068 8992 1829
3 8312 690 4416
3 2191 2258 4431
3 7060 4822 4483
3 2026 6364 6885
3 3207 9828 8315
3 773 7710 9940
3 9342 1383 7545
3 4313 3423 3802
3 1310 8045 323
3 1535 6717 4128
3 5854 7567 2613
3 1286 4204 3193
3 2240 6719 873
3 7071 3392 763
3 8163 3490 1923
3 6224 9549 6372
3 7737 1753 8350
3 2491 537 2390
3 5202 1811 1075
3 2222 2341 4740
3 6165 5141 3625
3 3479 6335 2430
3 7045 6746 500
3 6956 1172 5099
3 1 2525 9392
3 9647 8373 9222
3 653 4444 1536
3 7393 3034 1511
3 1539 3436 7351
3 383 4465 6737
3 8924 2278 5287
3 3724 2895 7486
3 236 5687 298
3 9770 9792 7926
3 8074 9867 3853
3 5440 6277 7607
3 4175 7044 5683
3 6334 8230 4671
3 7750 1938 2412
3 6365 3834 6506
3 8505 1642 7955
3 3291 2452 2237
3 3940 1289 4916
3 3581 5559 1234
3 5698 3642 1963
3 6671 4456 6931
3 2229 3464 1477
3 7936 1947 731
3 6156 9595 2121
3 7566 3390 6464
3 6886 9093 5377
3 7933 7723 6174
3 5433 6399 9520
3 828 3276 9330
3 748 9170 3695
3 4001 3241 9376
3 1136 4698 9574
3 2675 4433 435
3 5076 5934 7105
3 7524 7946 7399
3 996 8616 7648
3 5822 8554 1742
3 4283 732 5349
3 2275 1002 2411
3 2363 96 721
3 820 7752 9971
3 4048 2807 8733
3 3742 5257 7594
3 8384 8501 7788
3 9939 9421 7964
3 3795 8402 341
3 3684 7382 5580
3 9879 4132 1263
3 104 7099 7618
3 3055 1845 351
3 1249 5266 5763
3 5674 870 9877
3 1022 4796 4081
3 2445 6137 1275
3 5148 2213 95
3 7875 4324 4148
3 2007 9527 6031
3 5657 499 7455
3 894 2985 6327
3 1831 5441 2637
3 720 6047 2867
3 8423 9914 5378
3 238 4091 6220
3 2640 77 7753
3 1297 2484 2876
3 8917 9316 3901
3 3733 117 2624
3 2518 2735 5688
3 7298 161 1825
3 1814 4397 7430
3 6 8225 1900
3 5302 47 5941
3 9439 9247 345
3 440 7088 523
3 7322 9645 1587
3 4363 5024 3064
3 6101 5984 8330
3 3463 9875 2785
3 1327 4188 545
3 3931 22 2620
3 9982 5011 574
3 1878 7009 977
3 6897 277 1123
3 5957 750 8014
3 5108 2800 7582
3 100 6213 6648
3 6899 2788 7918
3 7165 5649 8302
3 9371 6731 6239
3 9 3487 7719
3 6102 2821 156
3 4206 5781 4803
3 7307 1428 6883
3 8088 6149 8712
3 792 4022 6666
3 8891 3921 8825
3 8268 8207 2095
3 6124 2923 5312
3 6467 8303 1133
3 7883 3978 5693
3 9509 4657 7374
3 3548 7651 7277
3 9182 344 9823
3 4000 9733 5903
3 1518 5040 1698
3 9430 9901 7714
3 7740 3021 3170
3 3205 3059 7315
3 6808 2367 2817
3 9380 297 9228
3 6796 6786 6482
3 3314 4399 416
3 8944 4903 9682
3 9051 9560 2998
3 4797 6565 1577
3 7252 9600 887
3 2786 5915 4885
3 2344 7016 6841
3 9641 2419 5564
3 3236 8981 294
3 1813 580 5557
3 2251 4472 7851
3 7886 3154 4277
3 5084 326 7387
3 7908 4033 5654
3 1053 3471 1266
3 8526 8571 3974
3 1446 533 5474
3 9472 3380 3578
3 2716 7316 6068
3 6761 29 2262
3 3928 7290 4654
3 7223 423 8567
3 7148 4172 4640
3 8994 4508 6651
3 2429 3149 3719
3 9522 5463 5930
3 4610 5138 7024
3 3347 7204 3416
3 4675 1197 8943
3 7257 2225 1219
3 9352 3956 4336
3 1863 8031 8803
3 2232 8975 3906
3 6463 3297 59
3 7599 9412 7632
3 7899 6981 1354
3 5199 7762 4515
3 6098 5993 7655
3 6395 1946 4839
3 6587 1461 1455
3 8657 2000 6774
3 4218 9073 8843
3 535 9633 9002
3 2980 102 7969
3 2244 1526 1304
3 671 3326 1227
3 1596 2843 7959
3 4879 5884 6025
3 9403 141 2405
3 7832 9773 405
3 7958 6669 9198
3 167 2157 1457
3 2927 7852 329
3 9385 2744 684
3 1268 8576 9290
3 1314 9484 5381
3 5188 4427 1841
3 5160 5432 8531
3 8635 4047 8156
3 2253 972 1017
3 9475 3788 8771
3 4480 5706 4425
3 8518 4098 9751
3 7600 9728 9908
3 1715 9942 8527
3 7477 6192 2822
3 6654 9338 162
3 9324 228 5832
3 8265 4191 1143
3 125 3440 5136
3 85 6773 2326
3 3551 4434 8182
3 4544 971 9999
3 2475 3087 6543
3 1141 1430 7853
3 910 1672 6282
3 4213 3736 7876
3 6558 6233 4715
3 811 6045 1566
3 9077 5661 1981
3 628 8027 6965
3 3590 3523 1625
3 9453 1254 6942
3 5764 1549 1096
3 1983 9708 1447
3 8170 8051 9152
3 5288 215 65
3 6287 1421 6405
3 6452 3151 5791
3 4493 7211 9012
3 4620 4294 3816
3 5351 5070 2450
3 585 3494 8866
3 437 1786 5676
3 1027 6857 1000
3 2033 557 6876
3 186 9948 7775
3 6311 9679 6999
3 8413 2787 76
3 2623 809 2770
3 1435 8124 7798
3 5605 7971 5228
3 1240 5995 9364
3 9047 3214 5468
3 2178 6706 2862
3 8665 3622 8438
3 3078 7518 9174
3 5761 4311 2723
3 8408 4625 2560
3 4850 3559 1836
3 2487 9080 7424
3 6583 3302 4240
3 3189 9147 3588
3 9995 786 764
3 8759 9422 517
3 5012 9851 7656
3 6183 3058 3171
3 8835 9717 9387
3 2730 3562 572
3 6740 8173 224
3 430 1606 673
3 8926 490 8704
3 4321 8690 4201
3 678 1419 8868
3 4227 7453 6645
3 8619 2857 3201
3 9030 2526 8383
3 5627 3206 432
3 1771 386 1264
3 6915 5234 568
3 3414 2311 3190
3 7451 2212 4388
3 8965 3863 2
3 175 1281 1709
3 3340 6789 8667
3 3839 8745 980
3 9312 1896 1183
3 8881 1194 5729
3 8693 2316 6143
3 9291 1529 8378
3 7806 1363 5724
3 4998 8540 2879
3 8519 457 1906
3 6637 6818 8210
3 4726 3038 875
3 812 6911 2762
3 456 6409 1800
3 322 8375 3989
3 9495 7620 3930
3 9984 576 631
3 3112 2531 6032
3 4377 9598 7320
3 8534 7294 9736
3 2039 3984 2672
3 7406 3492 5755
3 1505 135 4174
3 1699 1840 7025
3 7659 4251 769
3 957 3634 8000
3 7350 3173 1233
3 3198 8400 5815
3 9260 2782 8546
3 1095 83 2932
3 5514 1924 6043
3 9449 8492 7824
3 3144 5190 3229
3 1830 42 7413
3 5731 1908 3089
3 9039 316 6531
3 2761 8920 4082
3 4914 3113 7405
3 8119 8632 3654
3 4909 649 7829
3 3242 6990 5720
3 3037 3098 3775
3 3228 4237 3632
3 2725 2130 1309
3 1872 4672 5965
3 1292 7239 5844
3 4730 3 4621
3 3778 3244 2976
3 1803 7325 8810
3 3522 9529 1741
3 7779 6487 6721
3 9245 6182 9414
3 139 7030 6410
3 4435 4712 3022
3 6242 2113 5719
3 9904 4656 1907
3 2196 1910 6172
3 327 3412 3119
3 7757 8388 3411
3 7949 3168 1121
3 196 419 9029
3 1288 8233 6228
3 8176 2736 539
3 6368 6802 9155
3 7116 1669 6261
3 8615 6750 1229
3 3765 4912 3828
3 5931 8978 7902
3 4791 7840 9551
2 1485 9865
2 4196 2066
2 7583 9591
2 889 7556
2 6909 3556
2 4781 7310
2 6823 461
2 6466 9088
2 9762 6317
2 8553 1077
2 7373 370
2 831 5736
2 3967 5068
2 9546 1499
2 7549 6874
2 4888 2622
2 4016 758
2 372 1520
2 8471 4701
2 5466 21
2 8214 1021
2 5008 7887
2 8169 3528
2 4104 3129
2 8732 3716
2 7466 9141
2 8631 6842
2 5531 4437
2 2940 3785
2 269 26
2 1189 8493
2 1420 7048
2 3636 7398
2 7669 6550
2 1048 8681
2 783 4746
2 8598 6454
2 1999 6072
2 6925 9246
2 6683 2546
2 6947 5772
2 7070 6961
2 2616 4591
2 9046 4724
2 9493 9653
2 5407 6430
2 940 9870
2 4514 7562
2 4498 7338
2 5939 5779
2 3818 5705
2 6240 1833
2 7662 6943
2 6484 2384
2 8812 2567
2 5195 8046
2 4887 612
2 1179 5086
2 7128 2522
2 2488 2123
2 4389 3774
2 4697 8720
2 6555 9972
2 6701 1089
2 2185 616
2 2823 4411
2 6681 8985
2 1364 5424
2 3107 7628
2 9190 6450
2 7018 4777
2 799 8901
2 4039 1897
2 6806 91
2 9703 1330
2 4553 318
2 8280 2809
2 4768 6856
2 6960 2020
2 9884 9448
2 2970 3382
2 6691 6264
2 9615 8773
2 3714 2281
2 805 8073
2 4239 4061
2 1198 744
2 15 4875
2 3620 5769
2 5025 2993
2 1724 6114
2 2676 3644
2 7790 4044
2 6875 844
2 2172 7998
2 3602 2209
2 4133 2651
2 1898 9087
2 2156 3093
2 4156 7381
2 9106 5961
2 6231 6756
2 9969 9564
2 2025 8444
2 2753 2629
2 1057 9171
2 7372 5561
2 8463 5528
2 6407 2149
2 577 9894
2 5927 3266
2 7721 8821
2 6179 4419
2 9764 7687
2 8181 7085
2 2140 3301
2 1630 4855
2 3836 4345
2 2581 9547
2 5159 4329
2 776 4900
2 9070 9730
2 3234 5027
2 4113 2364
2 3100 7705
2 7685 9613
2 2802 3748
2 3254 7034
2 7417 3976
2 686 7962
2 413 3360
2 2570 448
2 3734 5081
2 3968 3605
2 6664 1402
2 4531 1168
2 1513 7938
2 3887 674
2 5015 7450
2 829 848
2 3282 5982
2 2391 195
2 7049 8442
2 9062 9148
2 1235 262
2 8857 8776
2 1652 4140
2 7258 991
2 5115 3911
2 7934 8437
2 6869 9819
2 1861 9040
2 9048 3558
2 127 8353
2 5335 3643
2 9829 2551
2 1551 1533
2 6832 5243
2 2176 8542
2 6237 8086
2 6655 1127
2 6734 1690
2 5918 5285
2 9632 6548
2 3571 6724
2 2296 9699
2 7194 7861
2 2503 8228
2 9446 3011
2 7301 4837
2 7303 8277
2 2143 1673
2 9506 6656
2 7159 4670
2 3741 7483
2 1650 3375
2 3954 300
2 443 7151
2 4677 2574
2 1466 6033
2 9644 4708
2 5164 6768
2 4084 2160
2 7274 4244
2 5635 157
2 702 5446
2 4719 969
2 5639 9960
2 4623 5833
2 1159 9979
2 6135 7552
2 5117 5056
2 8685 1013
2 9165 2865
2 4259 2321
2 5967 6881
2 5812 6112
2 847 1911
2 4532 2872
2 2323 9727
2 6188 9916
2 5338 6440
2 6049 4849
2 7464 7469
2 4485 2061
2 2496 840
2 5170 9654
2 8987 1917
2 8899 6908
2 8880 8609
2 1173 7253
2 2974 6293
2 2638 5058
2 109 1598
2 8197 1323
2 1221 5405
2 7937 5001
2 597 3662
2 9415 7343
2 1290 7124
2 3506 4647
2 5713 9429
2 2996 9210
2 9636 4265
2 2521 2192
2 4601 5520
2 1695 1045
2 3417 7385
2 3057 1905
2 8059 1377
2 7660 5224
2 7860 6006
2 9041 9989
2 4509 4257
2 8008 9663
2 4103 447
2 2892 7708
2 9911 3239
2 3477 5461
2 941 8972
2 3826 6764
2 9393 5643
2 9542 4171
2 1085 8668
2 4378 8327
2 5031 9961
2 1115 705
2 6141 676
2 2126 554
2 1438 7588
2 6284 9137
2 9876 9759
2 7336 484
2 4005 5664
2 396 6838
2 833 6351
2 9962 1568
2 9671 5404
2 4350 2682
2 774 283
2 5066 1026
2 1321 4970
2 4217 9098
2 2684 3209
2 5032 9440
2 6710 9273
2 3329 3159
2 747 3935
2 6663 3386
2 9201 6456
2 1728 376
2 336 1348
2 3131 5251
2 8711 9722
2 4181 5553
2 2536 2842
2 92 1532
2 2056 4629
2 5539 7156
2 235 3220
2 1368 3467
2 5019 3701
2 3713 8352
2 1036 2961
2 8476 7604
2 1295 4809
2 7297 3246
2 8895 7359
2 7216 6792
2 6752 7700
2 630 1855
2 7627 947
2 2274 2427
2 7539 9707
2 4335 3446
2 3681 5545
2 7856 9234
2 3438 9844
2 1208 4288
2 7756 8504
2 2849 8763
2 5336 1858
2 8784 7183
2 5048 5748
2 2404 7942
2 7440 1961
2 3969 6855
2 6087 6369
2 5618 8495
2 7516 6014
2 1424 3110
2 7948 5152
2 6898 9596
2 8107 8869
2 8401 2990
2 3738 9034
2 4183 2903
2 5712 6535
2 5546 9196
2 3290 652
2 6521 227
2 6279 421
2 2023 5882
2 5718 4614
2 9937 7058
2 1951 5429
2 4390 3238
2 2939 4223
2 301 725
2 9450 1727
2 5417 3208
2 9193 6175
2 9216 8509
2 6119 6819
2 1641 28
2 9599 6569
2 9112 1050
2 1636 525
2 3040 9856
2 4203 8584
2 728 8573
2 1555 9743
2 9177 5480
2 7785 5770
2 9780 1883
2 7635 8329
2 4315 3728
2 5526 573
2 1930 3854
2 9121 7037
2 3132 4009
2 9203 1246
2 5935 3157
2 5322 8586
2 9447 3077
2 8095 9768
2 4783 8628
2 5360 5036
2 2119 4950
2 5412 4330
2 8431 2818
2 9176 441
2 4243 3475
2 9072 9512
2 5216 8319
2 3102 6023
2 2921 723
2 2960 6387
2 8885 6265
2 7639 699
2 450 12
2 411 8673
2 1952 3856
2 7463 8954
2 9748 9254
2 1600 2038
2 5508 2907
2 7994 1326
2 189 4359
2 2102 6249
2 2272 2337
2 7478 1777
2 3566 8717
2 6227 2050
2 3406 7715
2 7538 7736
2 9284 4107
2 9959 5891
2 7067 8556
2 5453 7970
2 7645 7095
2 953 1748
2 2246 872
2 5985 5922
2 8833 7735
2 7086 967
2 2264 8643
2 1231 7001
2 6148 5987
2 1987 8500
2 1391 9607
2 6794 6344
2 497 842
2 9433 9788
2 2372 9843
2 3422 3192
2 4537 2811
2 6738 7621
2 1347 5061
2 3567 5245
2 285 1356
2 5401 2796
2 2046 5414
2 9144 9134
2 6754 3127
2 7137 1655
2 4342 1972
2 2966 542
2 8081 5339
2 4772 5708
2 1912 9383
2 4596 976
2 7356 346
2 1338 6200
2 5711 3305
2 9603 2641
2 3431 6389
2 2576 2459
2 6544 8358
2 6294 3286
2 679 307
2 8755 7228
2 4187 9021
2 4145 7179
2 4592 6289
2 5283 3233
2 9883 2571
2 9913 1889
2 2880 5277
2 3531 426
2 6366 4720
2 4041 9339
2 670 7003
2 5780 8916
2 8273 1605
2 4974 3194
2 8326 7547
2 3712 878
2 5783 8932
2 4722 7529
2 1599 4847
2 2831 6360
2 2742 3657
2 7801 5489
2 3226 4992
2 8293 926
2 4209 390
2 6133 6674
2 2680 2953
2 8308 6336
2 5326 1035
2 9690 9510
2 9351 4536
2 282 8126
2 6572 3366
2 4606 2355
2 5267 2254
2 5274 486
2 9810 5621
2 4045 2955
2 2791 7432
2 3443 2250
2 1279 5239
2 8705 8614
2 7386 6996
2 4812 6729
2 4604 7542
2 1756 5321
2 8048 8790
2 1834 4583
2 8549 4442
2 206 9065
2 3493 9655
2 739 136
2 3939 8132
2 6136 1155
2 1358 3517
2 5959 1769
2 6408 8570
2 1111 2294
2 6574 6618
2 6600 4958
2 6698 9839
2 2520 4392
2 661 3986
2 1395 645
2 9660 9941
2 218 7916
2 3767 5249
2 1166 7318
2 4975 3042
2 2855 2905
2 9322 7701
2 8672 1675
