10000
157
30
57
219
92
24
246
327
42
319
201
273
59
128
25
3
122
204
282
27
128
29
111
122
141
75
27
74
188
15
117
134
161
169
130
2
8
140
63
163
135
60
21
27
444
159
16
324
22
351
19
63
5
182
74
229
204
126
281
587
242
80
307
380
42
262
30
249
130
87
147
334
63
3
43
22
127
52
132
13
20
79
347
124
14
218
140
192
48
103
13
45
1
70
115
28
230
144
23
4
15
111
2
251
13
28
56
36
98
10
386
84
49
15
49
117
5
196
84
33
291
82
24
116
183
8
19
27
95
24
59
145
396
106
25
5
143
209
38
197
38
30
181
111
102
201
168
170
87
159
164
183
132
127
71
3
81
100
43
107
112
65
38
102
197
42
13
6
134
58
158
245
204
89
204
59
22
260
189
85
73
60
77
141
84
116
97
32
241
95
36
54
84
125
85
87
42
227
163
100
91
291
52
93
149
2
188
101
199
84
170
194
16
303
245
56
41
106
105
107
43
136
39
6
75
118
96
91
51
131
82
15
23
21
146
37
181
36
74
32
146
100
39
16
36
271
2
20
40
102
30
250
128
178
32
61
80
246
91
7
47
26
36
216
228
25
5
42
91
64
145
57
51
68
82
75
9
33
222
106
92
382
20
220
37
19
11
99
100
189
181
93
102
125
37
30
236
200
52
49
158
229
70
84
101
128
50
183
58
54
23
80
86
157
54
56
100
12
90
74
3
237
69
61
23
132
56
27
284
47
10
29
244
270
17
137
356
40
60
9
19
75
89
132
7
18
126
96
96
94
1
15
37
20
17
149
99
27
172
161
71
93
176
30
26
118
18
26
5
26
459
384
144
265
43
2
90
24
96
72
45
108
31
95
361
227
19
10
92
24
35
47
136
132
66
125
165
10
538
19
28
104
132
285
170
92
78
225
19
88
36
57
73
128
125
94
17
109
50
111
1
764
72
47
80
97
10
41
79
4
145
145
217
152
31
86
28
86
27
143
4
94
12
354
122
15
275
28
54
57
59
200
75
443
10
30
145
139
138
118
16
435
136
259
213
147
55
128
74
31
5
156
107
113
14
37
28
127
83
10
193
50
83
86
23
52
50
138
11
169
15
89
42
68
1
7
31
10
51
119
144
15
133
36
30
33
7
80
86
92
43
132
161
214
150
56
112
56
9
40
208
51
252
60
5
199
74
42
5
202
146
57
315
71
173
11
48
69
78
3
177
152
53
11
49
103
68
14
12
50
108
2
25
36
123
44
198
21
109
209
13
30
151
4
23
250
48
44
123
5
42
52
43
72
80
70
115
50
31
128
15
34
74
71
15
22
292
45
3
181
186
40
18
258
323
29
84
189
66
14
57
32
138
76
525
86
35
49
148
45
105
156
32
131
32
132
98
24
100
30
144
88
169
35
19
7
66
58
193
39
70
228
40
94
213
163
338
37
60
132
128
52
192
99
132
246
45
13
176
125
44
104
86
60
271
3
190
24
76
74
66
12
90
2
16
10
416
23
76
104
43
48
60
143
422
120
284
65
159
12
5
31
79
405
383
18
63
266
200
169
51
100
15
92
12
63
40
65
75
22
44
1
9
93
32
17
264
10
152
250
15
160
21
5
378
32
28
251
9
95
51
10
1
310
6
134
129
311
99
83
223
17
18
97
66
176
39
166
200
133
126
89
22
4
23
253
74
9
24
25
240
15
389
109
24
18
138
102
13
59
202
40
31
48
50
31
318
230
59
96
1
102
28
227
287
30
57
47
275
7
256
81
92
1
97
32
61
16
40
95
15
233
28
130
89
79
108
227
51
52
96
136
134
78
161
56
51
20
30
37
30
90
45
17
67
48
25
1
348
98
526
87
47
69
24
150
66
102
107
50
14
93
34
80
184
163
216
62
30
374
133
9
133
10
200
106
202
458
130
157
298
21
13
17
358
21
38
2
118
302
127
11
98
93
406
99
79
97
123
21
51
62
88
17
23
221
393
240
20
14
48
62
2
70
216
142
74
336
68
148
23
20
28
106
101
61
113
9
174
112
189
86
229
78
46
16
109
27
82
168
51
71
198
11
3
216
205
87
23
146
38
75
91
199
236
17
197
5
44
2
101
187
3
13
103
92
397
124
67
54
57
18
39
40
2
20
14
161
405
124
38
14
20
129
304
146
141
40
94
78
170
58
394
21
51
62
35
35
148
12
204
8
74
459
57
26
351
102
144
33
14
8
121
90
87
24
71
85
58
6
104
19
297
39
9
214
27
53
611
73
59
241
68
25
368
36
79
18
33
133
192
2
147
375
3
191
47
7
38
8
63
166
41
174
22
5
22
119
10
90
20
121
121
6
16
44
143
212
27
49
216
19
35
131
154
87
91
155
9
273
310
13
29
20
39
37
186
34
116
62
57
230
145
87
41
69
48
9
41
11
34
368
2
211
91
56
40
59
31
56
129
413
63
33
123
253
110
72
33
8
162
42
22
107
318
55
256
51
13
95
158
377
52
33
5
92
152
51
5
38
115
91
4
52
413
368
209
210
121
93
101
12
199
5
29
13
10
108
23
184
102
94
115
91
73
91
271
111
101
55
217
37
84
29
8
45
350
70
70
76
20
38
209
52
209
35
19
154
54
187
274
135
67
30
356
129
78
128
58
7
108
79
107
20
154
16
44
80
227
153
93
153
51
47
104
6
45
66
93
36
75
76
111
17
123
48
94
198
65
154
228
120
244
332
15
184
87
55
105
100
337
49
111
29
356
10
53
41
38
37
132
105
26
40
213
37
80
98
222
21
93
263
11
366
200
94
5
72
68
10
20
6
12
41
1
4
15
4
516
234
121
3
52
212
50
9
158
2
52
143
183
205
1
35
22
69
112
36
24
24
128
112
15
53
5
77
124
98
56
140
2
18
176
80
93
41
123
479
113
48
71
22
103
18
33
44
120
60
68
102
1
28
74
42
24
85
57
77
72
2
6
186
11
111
8
36
73
55
141
38
47
146
323
92
38
8
79
29
32
87
144
100
171
62
25
92
252
44
37
172
246
353
3
5
243
41
44
159
50
27
81
237
27
338
25
47
18
255
53
257
3
204
17
1
236
9
35
1
20
125
2
136
252
28
71
21
96
129
213
7
3
150
157
280
23
431
33
1
408
23
17
42
20
186
10
54
465
14
3
69
148
71
36
95
106
66
172
57
6
147
40
152
62
61
26
87
124
13
300
16
3
33
169
433
68
10
133
262
7
219
200
21
1
294
7
44
69
52
38
87
175
21
29
41
67
177
13
47
6
17
323
26
120
134
44
7
8
5
8
33
50
108
66
4
187
50
62
172
4
101
51
170
14
42
46
142
224
52
64
96
108
25
17
218
209
82
11
198
108
36
37
374
450
4
94
97
81
70
21
56
3
79
127
28
123
238
38
160
226
269
244
52
164
79
121
40
122
82
60
142
10
64
233
228
494
52
210
121
23
165
41
31
121
171
88
147
136
26
138
37
68
61
210
25
34
22
139
60
25
125
45
69
270
90
87
49
419
47
66
65
13
437
181
96
237
22
1
41
298
153
200
208
27
2
98
63
37
1
43
60
62
65
46
66
169
47
125
216
53
195
127
301
29
152
61
174
26
62
173
48
16
199
29
3
23
29
119
25
44
168
86
92
75
68
83
96
150
6
119
52
188
293
78
30
107
81
34
106
37
19
12
47
185
32
79
61
227
11
103
114
145
4
181
13
25
38
104
47
195
141
123
2
98
110
85
31
108
15
62
16
18
96
5
39
71
106
20
73
150
115
23
330
28
229
10
19
6
414
135
93
11
211
20
102
210
95
45
28
135
26
51
42
23
57
140
82
79
16
30
109
96
243
17
78
179
87
52
357
211
26
14
276
204
318
230
17
103
240
182
3
215
9
20
171
300
72
203
43
83
526
8
86
92
33
360
189
1
670
26
2
239
38
317
231
143
42
17
233
5
80
144
148
5
79
113
138
616
5
36
18
14
159
77
285
49
200
69
264
148
7
75
2
6
25
112
74
5
73
133
16
17
105
23
107
16
8
20
244
94
78
1
17
4
122
33
4
142
13
18
93
237
105
60
40
79
40
116
129
64
97
224
47
327
53
106
28
12
255
92
185
241
213
160
17
76
191
36
198
4
48
350
83
49
205
24
113
105
176
51
273
150
98
1
146
7
263
59
189
112
111
48
335
43
216
66
8
187
55
40
44
35
250
49
14
49
115
189
106
93
131
101
30
41
73
182
14
189
183
75
2
72
51
64
236
179
40
162
27
181
227
47
120
128
5
15
310
10
87
116
104
11
6
59
27
104
30
12
27
155
94
2
50
219
9
14
71
14
79
88
22
67
12
164
210
53
27
9
17
102
53
164
38
77
30
316
102
273
80
5
144
5
53
62
188
55
19
305
57
223
94
5
116
163
125
69
329
35
29
98
132
26
141
22
197
71
234
29
35
31
87
44
98
82
59
30
239
245
35
115
129
143
31
39
139
79
106
120
90
333
50
28
13
88
93
183
42
256
15
222
45
217
32
127
31
10
3
172
196
360
251
72
100
94
55
1
10
108
4
42
125
177
32
101
270
157
149
75
12
136
52
89
10
10
146
13
92
280
9
73
81
9
15
41
230
40
301
114
121
1
56
101
66
47
10
43
225
26
101
27
134
299
459
151
1
377
105
61
33
106
8
360
19
143
18
141
45
34
26
9
25
355
172
55
70
33
292
90
102
43
226
9
180
21
14
634
244
425
37
81
11
45
132
142
29
68
112
200
44
59
30
80
3
250
15
15
357
62
438
20
13
148
68
52
275
366
190
51
192
66
164
9
35
5
26
160
12
110
127
76
21
44
361
55
119
137
7
27
60
158
137
27
2
95
74
72
455
19
65
10
147
273
62
243
97
127
198
86
158
59
132
84
36
86
102
35
57
47
17
32
99
26
42
18
20
103
203
69
10
26
15
181
162
70
144
30
22
384
10
156
110
62
96
69
261
41
114
84
140
31
19
137
51
382
280
20
127
112
1
58
26
114
196
451
2
45
32
186
99
341
48
40
79
125
23
111
115
25
110
46
97
114
177
129
271
31
234
395
1
41
35
19
36
78
43
175
28
15
26
1
320
165
14
34
13
119
230
26
273
108
38
33
80
80
1
341
33
9
159
156
70
74
105
265
28
14
47
5
2
98
108
2
37
22
306
112
196
149
139
79
43
282
45
8
121
127
274
41
133
282
193
77
90
22
271
58
14
35
3
96
26
171
12
12
285
91
58
103
35
117
147
85
416
43
113
106
116
32
152
10
19
297
2
299
158
96
427
21
37
47
41
11
248
49
220
24
27
93
77
125
48
22
28
20
52
253
48
7
153
202
3
54
33
57
90
13
170
103
69
91
38
67
167
93
27
92
75
90
11
130
167
109
30
25
77
13
599
19
31
166
141
174
166
116
14
1
90
107
197
25
29
89
36
134
3
13
63
21
108
98
29
62
21
119
67
63
85
53
86
180
17
17
71
125
49
16
96
62
147
15
67
12
16
120
30
107
8
10
79
25
22
22
94
58
109
24
4
323
172
9
397
28
174
167
101
103
2
114
156
32
134
94
30
129
38
36
378
43
24
12
31
101
311
13
92
195
82
222
16
208
541
178
8
51
16
17
155
14
12
92
380
85
16
63
86
63
50
150
4
89
232
59
56
82
35
142
48
188
57
54
4
83
34
64
37
10
73
56
125
22
122
31
123
80
123
13
264
245
64
187
16
50
90
11
61
295
474
75
13
373
111
93
63
54
70
105
192
84
37
354
16
102
44
55
97
99
175
204
101
39
53
115
252
256
230
26
236
15
96
146
91
38
4
113
77
615
213
94
58
3
754
191
113
206
1
45
141
137
64
415
23
204
149
80
68
144
31
11
52
137
1
136
59
223
10
45
18
15
29
2
254
41
107
51
20
21
13
19
209
286
125
33
31
143
49
123
59
50
7
4
16
5
3
293
3
8
76
28
249
18
196
25
46
298
51
10
2
74
79
48
46
44
144
74
50
75
48
32
9
122
127
9
119
155
77
262
10
89
2
34
8
40
53
16
133
1
133
315
445
38
96
35
66
62
45
142
61
43
185
40
28
49
24
150
45
32
181
71
158
17
74
14
105
119
142
9
89
199
38
260
2
40
5
104
392
31
58
300
342
384
29
111
106
183
71
43
7
306
18
14
35
61
136
14
43
32
57
145
87
27
292
105
123
448
7
110
13
48
56
72
308
6
17
144
30
3
177
198
6
13
84
69
82
142
61
26
107
237
10
5
27
8
109
58
170
20
136
144
18
19
91
40
10
31
109
32
283
31
64
206
124
26
40
251
86
194
98
173
70
82
226
30
190
82
25
280
9
13
262
29
397
22
61
10
67
123
88
27
80
289
38
17
58
5
17
51
101
191
135
32
65
27
97
53
445
8
6
28
53
192
19
35
9
108
3
176
11
26
32
71
135
37
588
284
47
31
8
59
17
11
8
284
5
189
86
166
153
39
212
93
193
13
139
55
88
86
43
69
175
38
67
62
139
135
11
11
68
18
48
125
75
77
20
34
137
3
247
65
169
53
49
41
112
218
26
10
27
53
23
28
43
265
52
354
8
159
36
14
215
75
126
35
51
432
49
87
416
59
209
9
210
20
256
90
2
266
4
115
103
56
144
131
107
228
139
147
48
136
241
18
54
18
75
313
67
339
9
51
37
396
29
33
1
31
9
82
1
33
143
47
22
73
21
307
154
9
268
2
105
69
1
101
3
11
58
258
14
85
44
27
184
20
220
258
27
146
17
98
29
88
34
12
159
132
17
19
458
47
102
46
48
156
136
214
79
373
53
43
64
215
191
60
150
7
36
18
70
10
211
110
39
15
65
319
29
83
29
40
345
42
65
201
48
137
79
41
205
7
65
86
79
140
23
242
25
50
13
33
11
37
21
58
10
311
54
68
161
103
34
113
42
56
4
84
257
53
103
57
229
70
246
53
58
184
8
6
51
342
109
14
118
6
27
51
10
197
148
264
205
79
49
63
43
283
15
323
101
6
59
52
41
234
156
27
129
103
119
271
152
19
160
1
107
184
65
199
452
160
225
54
12
15
137
319
11
86
167
124
117
7
399
56
8
6
164
76
295
73
50
49
33
9
123
10
15
51
53
14
226
19
75
293
31
33
62
121
21
385
46
99
41
11
29
12
14
21
2
99
46
161
83
9
68
29
53
48
59
304
4
5
89
9
71
53
152
34
77
1
24
96
96
62
51
142
94
242
6
103
62
46
37
65
29
61
227
28
87
152
86
338
255
2
13
11
125
30
146
9
27
18
188
58
25
62
47
166
6
125
92
210
29
22
46
2
262
55
45
66
289
196
69
31
123
106
122
11
111
77
87
78
27
40
222
364
430
116
70
191
1
216
55
141
110
2
34
29
1
76
6
1
28
41
21
90
335
2
433
48
178
28
164
106
70
366
25
13
19
226
79
242
337
47
145
105
100
39
31
120
18
132
7
30
63
158
168
111
60
38
93
45
69
147
42
121
54
106
56
2
299
65
161
71
50
11
66
140
22
53
136
64
41
51
13
164
99
35
115
251
308
37
9
46
77
210
47
138
23
32
217
249
25
141
163
23
61
34
210
283
4
1
244
3
107
75
72
4
89
90
4
8
90
2
62
35
6
91
50
127
18
28
67
43
105
109
29
8
52
3
118
36
56
25
103
152
73
49
51
76
50
22
59
422
13
172
40
102
97
56
47
159
15
7
122
27
12
49
5
2
325
97
110
47
3
106
247
61
104
43
42
28
124
52
278
22
49
74
69
10
387
32
6
1
3
9
349
70
18
86
63
15
78
20
45
50
231
86
283
84
55
36
56
188
36
123
24
395
252
48
51
55
27
7
107
64
82
45
62
243
54
173
352
39
34
61
64
123
435
112
19
213
127
24
207
22
119
18
128
200
151
212
305
10
102
54
74
20
5
272
185
35
49
84
174
30
4
77
4
97
19
21
104
197
99
290
138
205
3
71
116
14
49
3
1
34
174
29
129
8
223
176
164
34
211
29
150
160
31
338
173
28
19
117
4
5
181
24
24
3
60
109
232
101
125
166
272
105
62
67
113
41
8
142
75
15
285
19
165
147
19
32
21
57
14
69
4
12
22
21
343
190
14
100
75
39
20
28
113
69
166
263
74
86
126
31
67
41
45
483
8
71
722
24
14
263
47
32
80
85
53
32
90
31
157
6
71
49
72
27
361
292
28
15
135
2
18
175
230
378
146
41
10
31
14
69
58
111
126
33
44
34
60
55
66
293
223
194
36
21
188
375
129
50
153
4
31
40
81
316
22
25
298
79
193
188
42
157
63
74
467
128
7
57
8
21
27
167
76
14
59
278
9
20
8
96
9
37
428
82
82
168
74
1
105
44
10
156
12
13
82
214
33
236
35
5
11
46
29
211
22
25
26
11
36
4
129
105
264
200
118
122
162
235
5
70
98
73
5
88
291
26
66
170
124
42
42
18
373
3
14
39
201
11
26
46
122
31
292
19
83
3
9
47
290
108
106
93
60
24
91
71
135
57
222
346
140
87
364
68
46
97
87
1
40
175
75
66
16
122
102
185
146
75
159
96
62
16
6
70
107
153
88
31
92
139
48
119
415
7
89
190
6
228
3
26
26
227
31
2
39
123
175
278
132
275
72
312
228
77
46
34
109
1
23
49
206
76
21
33
219
2
93
93
26
104
58
27
30
88
35
6
278
222
48
10
108
25
136
5
211
111
84
119
20
165
113
111
214
14
134
107
286
41
185
208
99
150
182
339
46
54
263
14
45
124
129
485
224
170
39
6
36
21
121
176
269
165
38
64
95
33
24
13
8
90
23
176
34
145
104
58
103
121
4
191
110
27
87
43
24
25
144
343
100
404
30
219
175
10
103
31
93
268
137
22
36
24
3
143
7
30
1
7
51
1
76
22
106
163
14
46
200
6
32
146
189
10
35
23
51
225
8
180
20
15
164
84
162
12
669
44
14
74
157
70
78
75
33
24
217
13
10
145
120
62
10
469
33
44
24
4
74
29
167
42
41
57
7
159
2
60
76
57
12
38
19
7
46
164
53
46
12
123
130
86
20
72
36
433
33
209
6
58
462
38
221
279
20
144
127
76
14
65
7
149
39
183
180
26
164
283
64
76
16
71
80
173
40
176
11
9
135
34
16
2
14
313
23
300
58
126
222
42
7
43
17
4
21
6
20
105
173
378
178
147
197
106
117
21
133
80
130
490
17
308
86
141
24
405
90
45
43
35
5
309
36
4
35
137
26
14
32
39
34
48
38
160
8
193
33
40
18
5
324
72
42
243
343
108
252
30
289
23
325
35
97
118
5
22
413
58
100
284
257
7
58
29
125
115
65
47
6
57
232
13
101
118
69
8
321
13
27
186
23
111
126
72
83
121
58
21
216
6
7
20
19
63
327
24
175
147
20
16
45
26
105
400
42
108
114
44
7
221
9
162
22
16
57
149
2
158
73
15
94
19
19
86
153
37
109
52
29
88
142
239
19
85
15
98
42
146
44
195
69
81
485
38
320
75
86
140
42
335
3
25
40
284
125
125
62
138
124
10
70
72
7
91
109
30
39
55
246
86
14
78
68
1
1
39
126
15
64
30
49
50
88
36
2
2
31
16
125
37
23
17
76
268
83
150
52
35
21
95
133
207
243
28
13
20
79
127
26
44
143
11
9
8
78
34
211
110
46
5
123
110
41
123
27
23
38
493
19
302
27
337
87
15
114
26
61
121
28
91
235
20
80
50
155
15
99
9
136
153
35
7
23
91
29
20
1
9
6
7
250
250
33
66
98
86
243
138
148
44
208
16
176
8
49
13
225
20
88
34
89
85
59
307
168
83
50
11
68
22
176
18
12
54
14
634
140
69
51
280
17
99
56
108
10
7
19
121
137
138
12
297
95
22
369
334
117
36
39
173
30
171
42
43
232
47
48
5
150
10
50
49
43
27
89
70
79
103
31
357
18
2
32
137
87
34
27
71
209
79
49
179
50
63
51
28
118
17
494
70
126
166
76
8
21
150
66
37
1
10
90
2
26
65
157
49
162
98
215
81
8
13
400
212
309
13
243
168
105
277
15
115
70
27
13
55
105
132
113
294
196
33
3
45
169
184
2
264
9
39
121
140
32
136
67
175
51
97
349
22
152
45
52
157
35
256
69
95
41
72
207
185
82
222
73
23
216
19
103
35
34
216
45
143
86
4
122
103
23
32
4
21
1
103
67
114
44
30
132
287
266
23
100
125
189
72
241
115
172
20
313
116
24
112
212
24
131
32
19
30
75
234
185
492
55
4
84
120
365
5
72
251
42
47
12
10
13
79
4
8
77
178
4
66
138
137
9
97
108
224
3
65
1
201
118
7
215
30
56
45
180
25
107
52
18
60
212
37
299
36
92
69
120
11
51
14
194
102
21
107
452
91
91
97
140
178
320
294
167
159
66
46
22
455
41
100
18
58
223
188
87
13
122
8
317
174
312
38
154
51
179
124
200
91
25
65
68
204
102
396
187
60
9
33
91
53
24
107
125
5
70
21
25
42
367
5
2
133
131
260
74
178
96
114
416
235
39
35
81
34
61
359
177
160
72
216
20
155
94
57
238
48
119
98
57
176
232
58
14
168
48
1
128
82
181
95
237
45
22
11
200
84
49
91
34
134
60
48
63
45
51
147
4
11
9
110
123
1
5
126
14
69
21
67
6
33
43
85
5
6
40
69
45
40
17
167
121
62
69
77
174
16
172
178
118
14
140
18
15
52
39
35
139
15
16
210
131
354
98
151
96
184
76
53
37
143
58
142
8
18
146
61
17
113
13
66
86
382
22
88
127
5
65
180
12
32
21
108
61
30
73
85
162
16
27
129
28
49
58
76
11
70
101
38
27
13
271
20
139
114
120
100
76
33
80
59
310
510
11
34
76
34
2
27
129
122
180
146
188
85
221
10
455
6
179
24
241
42
9
227
210
7
35
343
177
79
134
18
170
129
20
100
212
244
57
350
159
31
2
84
84
120
76
104
43
58
7
118
81
22
30
265
2
174
8
95
162
12
12
106
75
294
79
120
24
376
354
108
37
38
2
125
76
29
334
175
9
67
70
40
28
105
182
1
119
35
48
54
94
330
7
142
146
40
23
204
15
99
155
91
252
82
164
67
27
64
355
148
281
225
369
45
36
350
257
79
40
4
128
13
55
84
70
14
206
71
237
87
90
79
103
134
347
17
45
95
72
35
177
196
20
153
32
135
294
93
181
4
6
1
412
26
46
1
89
317
195
78
47
76
20
36
195
72
44
2
195
58
113
174
41
23
79
137
26
124
43
232
71
55
13
63
7
25
175
37
26
61
20
153
113
362
118
176
86
355
157
373
71
7
91
398
32
32
59
193
44
184
119
98
184
3
45
104
17
135
83
55
5
45
11
57
87
230
28
20
114
25
39
53
280
145
400
24
163
167
17
48
13
419
32
6
22
182
46
271
117
115
67
75
359
19
10
104
44
133
83
71
8
24
34
1
69
11
23
2
60
198
2
65
965
101
41
26
133
25
39
132
33
21
232
104
64
109
41
268
37
34
1
111
66
28
9
18
26
125
59
93
240
61
200
21
71
16
226
286
149
79
28
42
125
69
301
156
2
155
86
138
58
218
109
296
151
211
119
47
89
168
38
35
134
98
94
24
32
3
88
64
111
130
143
99
34
21
24
33
211
147
119
122
37
4
215
11
171
98
215
144
264
87
400
127
80
354
52
27
35
37
324
38
4
47
26
33
65
14
72
4
70
8
664
19
134
108
176
239
120
64
242
153
58
33
2
239
142
107
39
11
21
201
416
56
107
98
163
36
72
2
57
79
25
79
49
25
86
88
42
109
20
1
199
55
64
61
49
110
155
207
83
70
76
54
17
23
23
58
70
10
32
26
1
26
40
94
346
45
53
46
65
21
12
32
35
80
20
30
11
220
43
336
42
2
105
20
27
94
40
12
3
13
46
48
112
268
198
14
89
51
98
240
39
238
67
11
20
170
19
70
34
85
205
71
93
9
102
124
49
9
28
85
55
24
36
8
171
90
1010
31
269
37
86
152
448
49
50
279
36
146
35
104
179
11
119
8
224
54
79
203
93
163
2
79
325
46
1
73
122
42
172
8
105
17
23
5
40
28
109
105
87
117
121
18
5
47
7
71
37
12
94
92
19
31
88
2
29
482
51
179
63
30
26
130
48
97
16
108
463
55
100
75
23
35
15
10
19
38
51
18
54
4
203
114
128
68
13
200
6
67
152
24
157
20
67
37
21
38
168
39
14
111
163
207
65
40
28
71
164
13
61
86
115
77
49
172
2
219
3
22
49
78
103
142
81
17
37
6
188
231
168
16
39
245
50
313
48
149
21
69
39
11
27
12
202
81
113
13
11
85
50
96
102
66
188
99
574
52
176
239
24
18
37
162
108
18
17
404
71
43
234
172
161
19
80
97
68
150
45
74
71
272
17
44
45
241
41
28
205
202
73
98
167
4
226
40
6
161
83
131
184
6
25
23
200
15
8
157
12
48
56
445
8
11
96
194
26
51
105
98
198
32
51
29
735
157
77
105
3
42
55
3
46
411
242
103
50
59
5
108
103
260
56
379
43
41
10
145
60
29
276
223
96
97
111
59
160
429
80
4
71
3
111
258
14
45
329
2
194
135
3
1
131
77
167
4
73
40
23
21
43
75
118
40
87
177
13
26
18
27
199
7
376
317
352
8
31
16
154
97
17
31
39
21
98
27
261
140
13
39
18
34
174
121
8
45
37
130
43
59
10
47
70
70
231
5
42
290
15
34
44
44
48
33
76
92
9
82
72
56
91
69
39
111
25
9
204
30
16
17
44
178
15
22
341
122
29
15
51
98
131
228
152
49
29
161
99
41
80
230
291
148
128
140
239
46
8
106
10
10
28
61
97
64
17
492
85
29
82
36
40
35
145
140
29
78
40
158
55
234
2
41
11
1
151
27
31
68
45
31
118
106
96
345
358
70
15
164
300
72
92
10
31
63
79
15
210
53
24
56
39
51
381
48
246
176
23
632
21
41
31
111
27
30
214
100
11
21
62
232
74
27
65
113
150
68
186
61
132
5
68
71
17
43
206
187
97
6
15
74
125
20
115
162
91
119
231
151
51
74
205
86
20
33
10
90
275
10
29
97
214
128
61
34
86
266
10
166
4
10
72
153
27
47
126
224
163
31
29
27
166
80
9
147
314
35
193
38
58
5
190
20
128
130
86
54
88
508
54
46
58
65
248
49
7
33
123
159
138
170
194
76
164
209
108
299
540
82
78
159
248
77
19
70
750
33
65
173
105
425
257
163
64
22
22
50
48
76
17
48
49
9
287
14
2
25
28
41
5
79
156
45
204
25
42
113
368
33
153
195
72
126
127
97
24
155
14
33
87
96
131
39
48
252
45
48
55
105
36
50
46
234
5
105
62
33
14
8
90
55
86
119
184
343
82
7
51
143
13
16
406
19
238
27
82
139
38
29
30
203
4
66
12
115
143
7
128
62
66
144
49
218
24
215
9
35
154
165
152
62
37
25
77
151
108
52
34
79
27
220
29
22
74
12
47
130
108
189
24
290
69
75
11
230
4
33
30
126
16
5
46
270
147
194
182
66
62
29
37
221
29
261
8
31
109
109
64
6
8
101
50
24
9
36
42
68
78
170
85
114
68
24
55
54
30
2
91
5
97
65
22
114
9
9
118
51
126
107
144
77
31
31
57
191
4
124
38
34
346
50
66
214
184
152
20
42
18
2
20
116
74
32
140
26
270
27
95
115
135
83
309
116
29
107
197
284
32
60
141
2
3
17
83
64
63
228
27
215
276
134
193
43
47
184
53
57
177
82
190
89
3
157
143
57
72
10
12
57
48
335
32
371
276
18
24
86
134
349
81
298
55
105
27
5
46
159
74
56
84
235
126
5
30
224
188
8
74
408
140
220
73
6
51
163
156
9
198
183
9
164
51
124
12
66
98
14
190
58
5
17
29
204
2
75
113
47
128
226
106
181
133
60
205
134
91
86
25
4
77
12
43
380
7
88
158
123
120
150
30
156
32
28
5
339
95
88
735
188
77
121
102
70
107
31
146
157
80
198
2
26
58
122
1
43
229
41
147
1
39
55
93
147
40
47
73
65
47
33
14
60
172
74
126
14
78
121
5
207
238
18
15
265
99
139
5
113
45
180
101
82
226
28
137
588
255
50
129
251
15
24
67
214
45
9
115
29
3
175
2
133
254
52
100
136
16
74
15
225
66
29
62
165
54
238
66
55
36
15
26
29
17
186
149
141
136
60
21
111
127
54
270
4
169
13
251
198
174
173
207
34
5
212
89
23
106
39
51
18
225
43
36
173
350
55
2
222
16
8
98
32
202
66
73
58
76
16
47
196
12
115
1
65
59
61
41
774
102
37
91
2
101
226
82
77
22
108
244
58
104
3
229
88
159
8
31
15
99
249
43
80
80
119
3
106
2
89
63
171
15
45
18
29
63
28
183
211
50
157
50
135
12
140
194
128
53
75
24
93
93
45
525
37
5
27
140
15
13
162
281
57
2
51
137
114
131
64
3
474
250
150
126
86
263
26
215
96
70
15
31
34
18
168
73
148
67
119
358
45
101
211
86
90
30
13
4
35
27
136
36
69
74
119
69
43
98
168
10
73
106
44
76
107
29
154
6
113
25
198
40
167
106
23
185
17
76
290
48
41
283
21
78
198
99
57
44
124
80
28
301
31
70
334
78
1
155
69
11
51
176
293
81
111
28
62
126
25
142
29
287
15
119
67
288
25
24
158
18
145
204
216
57
265
109
256
199
709
164
104
17
8
18
115
53
74
45
2
108
154
6
18
31
116
16
250
24
117
204
67
80
9
23
32
299
120
405
82
54
230
77
66
58
96
58
49
191
19
32
13
229
178
97
122
71
571
51
49
90
108
156
256
423
431
31
23
75
48
190
27
88
153
161
63
178
43
23
85
594
205
16
5
155
38
42
218
28
121
21
241
9
453
114
40
111
20
172
126
85
178
361
87
35
192
155
81
38
37
186
70
31
21
22
67
21
94
119
69
20
3
111
144
132
159
94
351
186
67
158
33
40
57
43
4
113
1
148
66
201
19
13
42
151
81
191
3
35
160
132
154
115
20
10
63
189
9
174
37
628
2
57
231
111
124
183
227
62
119
53
129
220
95
59
41
62
199
64
56
31
413
213
8
22
26
143
415
55
29
38
115
44
10
221
102
34
73
59
112
1
69
265
168
18
27
28
359
46
166
19
12
53
65
22
29
21
72
8
173
1
97
64
23
76
170
31
8
110
63
101
40
36
53
140
33
157
104
13
97
45
18
39
135
27
7
67
119
488
142
38
21
175
120
39
52
108
61
81
162
142
32
32
28
495
42
85
264
92
142
58
116
17
76
177
73
115
119
84
53
5
200
169
42
76
44
15
74
11
147
26
44
2
63
29
164
50
7
158
1
43
53
9
4
11
49
49
300
14
18
43
28
140
36
17
143
25
22
16
30
11
13
99
2
114
27
85
82
155
98
61
1
29
11
6
25
18
55
290
240
137
6
94
40
59
120
62
127
74
61
135
15
281
23
29
48
28
178
51
28
332
2
81
203
65
41
18
154
19
133
49
25
55
57
28
39
15
129
106
10
23
239
309
101
138
146
75
119
138
144
204
27
55
54
55
7
79
138
101
21
31
173
22
12
32
3
215
37
90
183
260
46
1
170
260
111
4
23
114
247
15
39
14
78
57
75
47
39
174
16
71
17
58
265
26
161
73
16
163
100
64
28
80
121
98
40
3
78
23
124
44
260
9
19
5
78
40
303
86
3
4
125
172
35
1
57
205
71
102
12
81
34
60
115
32
256
28
59
7
2
53
16
238
61
84
94
64
37
45
512
103
57
77
79
87
9
75
53
10
174
82
25
81
135
281
29
57
2
310
9
114
83
97
307
38
175
96
89
86
137
215
101
85
83
67
437
384
76
215
361
182
41
6
483
55
104
55
41
4
2
27
162
107
216
247
50
110
37
110
29
55
17
114
23
76
202
56
128
3
100
359
337
20
78
78
94
16
70
30
1
328
20
27
287
197
120
190
193
234
51
224
50
25
18
52
6
12
49
99
33
86
276
68
448
1
143
50
85
18
50
165
127
101
205
66
36
16
4
71
51
43
158
81
15
1
115
14
47
10
123
18
306
122
370
12
38
355
351
5
192
16
137
31
385
252
233
59
255
24
18
202
99
68
198
178
159
159
72
100
39
24
2
36
87
98
166
318
24
107
14
38
122
117
202
64
28
44
9
86
7
59
55
114
79
166
229
91
124
219
32
203
24
48
59
378
49
73
561
35
86
32
67
269
58
17
65
24
57
114
100
111
86
17
190
64
13
76
12
46
20
11
177
35
33
103
385
1
78
39
17
32
212
16
98
55
36
25
218
21
8
336
61
91
303
106
166
54
2
349
129
114
279
7
191
213
138
66
89
4
19
10
323
52
7
113
244
16
59
95
61
39
20
79
3
42
88
35
66
61
234
45
193
44
4
96
41
20
32
27
15
17
171
138
6
320
48
178
138
201
49
95
13
78
391
398
34
104
56
29
171
187
6
44
6
5
34
63
173
46
152
266
154
137
104
38
27
238
51
86
55
131
5
145
46
89
107
46
22
28
79
56
177
142
86
354
138
9
217
180
28
235
85
45
117
167
26
43
21
130
154
153
167
84
11
39
128
64
171
61
95
12
224
12
40
235
23
95
35
217
571
276
1
308
3
13
4
290
3
77
162
6
7
142
51
94
112
139
31
204
286
52
263
67
14
1
19
139
16
27
47
182
43
6
29
92
160
68
16
81
50
20
42
28
73
243
121
110
57
46
290
22
126
13
36
194
150
105
103
6
73
11
16
92
26
151
108
48
180
53
77
397
334
31
196
14
17
151
264
76
227
408
175
58
52
668
166
55
129
79
167
39
209
14
9
33
355
94
181
335
99
286
98
86
30
514
79
331
1
100
139
149
96
133
196
120
16
83
11
14
66
124
24
224
32
582
38
41
11
70
75
5
30
395
83
324
94
128
11
316
77
50
139
32
85
3
82
32
165
32
174
345
161
4
15
36
116
13
135
212
21
29
81
70
101
9
179
45
16
237
145
22
114
213
213
10
33
23
118
60
198
37
64
88
47
246
9
129
133
146
113
31
87
47
57
84
99
1
99
289
21
36
44
233
303
36
3
48
68
122
59
51
61
38
75
177
62
68
175
143
102
114
127
90
66
92
42
245
103
275
140
104
20
236
206
38
2
32
78
171
106
14
109
11
76
160
46
17
193
113
133
103
214
129
22
232
259
9
20
276
575
4
88
15
1
29
676
78
87
125
13
313
66
68
21
54
10
115
8
20
138
299
267
152
22
145
80
158
61
173
181
46
86
34
5
36
200
82
131
122
101
63
18
15
224
48
21
147
190
91
8
25
258
345
94
210
36
118
9
10
184
9
61
16
167
13
162
39
61
45
1
24
19
180
198
23
27
59
74
70
8
167
107
36
106
84
2
90
454
85
36
98
541
49
23
95
140
41
51
130
124
113
12
92
57
159
1
4
138
122
286
111
8
19
167
396
88
168
71
206
230
352
126
59
117
68
78
34
87
78
375
94
18
8
19
194
49
175
46
43
68
50
14
81
68
116
135
290
74
37
44
61
83
58
49
133
14
211
283
393
80
23
36
11
114
19
208
57
64
38
12
182
158
148
99
20
216
140
71
83
179
26
37
48
184
135
74
33
32
35
43
140
353
45
104
114
61
38
102
106
16
27
125
102
1
36
21
243
15
33
170
85
59
164
31
63
257
71
262
586
145
105
16
360
36
78
10
109
41
4
239
18
419
367
86
392
13
3
83
167
269
373
94
14
97
53
385
125
16
266
189
19
161
117
51
133
132
351
100
121
157
92
161
34
21
105
158
130
231
54
12
154
10
50
214
32
104
245
60
192
155
75
70
50
60
62
163
142
88
178
129
144
25
23
20
29
74
75
81
239
431
1
147
31
56
81
302
80
69
28
26
102
32
36
17
169
28
110
132
36
6
10
258
155
133
4
21
147
178
10
73
178
266
140
83
59
235
6
17
166
194
80
2
256
7
107
3
15
53
58
4
21
231
15
357
195
17
82
48
353
94
60
17
118
99
1
25
13
16
59
2
81
24
47
33
274
93
196
25
35
108
75
94
50
12
145
42
22
2
137
272
30
3
129
72
36
42
271
2
95
65
22
21
31
115
73
80
22
23
41
83
278
326
84
73
409
2
4
35
175
30
11
14
30
62
113
30
54
225
154
186
82
88
144
287
148
21
97
85
151
84
20
24
63
865
16
166
28
364
167
53
62
44
6
41
79
150
195
25
241
89
105
107
270
232
1
48
41
218
53
46
17
175
118
14
119
142
32
15
224
9
42
285
281
6
503
78
3
3
299
27
37
157
620
193
247
241
120
149
68
217
27
124
2
17
51
150
54
125
39
63
145
12
5
1
48
80
50
151
41
83
1
5
42
64
122
44
74
68
279
11
117
33
38
161
197
393
173
279
8
82
26
41
191
60
2
308
64
141
254
41
6
130
56
184
277
19
19
13
157
156
50
22
279
102
32
29
5
82
100
36
68
158
121
47
7
3
17
93
31
438
10
266
432
17
119
18
41
34
193
22
11
18
217
99
164
5
8
42
55
69
190
23
22
23
95
97
84
54
27
138
9
107
15
72
41
402
95
334
38
13
163
141
19
208
36
23
60
305
172
74
20
148
27
340
13
114
16
182
18
72
47
257
94
261
17
1
33
11
137
30
120
57
17
14
66
25
83
1
200
25
57
40
264
42
14
28
30
113
52
89
303
168
35
11
93
69
61
116
141
410
9
14
308
114
42
27
36
386
114
13
85
57
287
127
31
43
143
10
2
1
83
92
535
26
99
91
108
92
149
13
64
5
83
230
61
70
23
37
174
43
163
132
9
6
63
271
235
170
23
184
141
37
502
133
68
121
78
215
45
13
5
61
143
15
232
29
40
548
216
145
67
124
1
42
25
15
90
81
61
107
323
206
7
183
46
228
24
115
78
65
44
16
250
288
483
16
5
12
7
11
337
136
226
15
12
1
89
1
94
79
47
24
39
122
56
80
241
99
49
27
38
276
85
72
267
22
71
4
47
3
8
201
155
19
159
3
39
37
90
209
102
32
204
38
240
81
15
49
57
98
85
40
183
1
106
64
75
80
133
10
68
72
35
228
52
30
32
36
311
74
77
79
47
26
62
62
80
156
257
96
25
30
116
141
51
85
127
113
111
5
1
132
18
186
231
11
52
28
21
102
398
33
5
22
12
23
429
77
117
46
49
60
171
36
66
52
290
89
508
66
60
189
228
337
190
63
23
346
86
245
59
275
192
106
1
40
12
8
20
64
227
291
9
63
127
12
49
157
106
21
79
383
206
103
354
112
382
120
130
295
98
59
37
167
5
194
237
187
190
119
47
15
33
237
225
45
52
56
134
10
104
4
149
24
31
214
222
36
196
12
122
48
217
5
163
1
55
161
215
182
66
93
18
31
410
17
1
210
7
103
68
149
256
80
22
21
260
226
55
15
9
8
220
31
100
13
153
162
64
199
168
108
55
17
32
27
256
212
10
21
88
92
119
86
119
45
89
101
506
113
41
306
133
27
45
97
23
61
18
52
332
162
67
46
54
211
245
155
114
615
25
115
72
86
107
39
68
45
49
6
4
137
299
65
9
85
95
43
109
32
435
100
397
85
239
85
30
7
26
91
724
84
2
34
107
11
90
31
107
63
1
70
80
18
15
2
153
12
312
131
54
114
37
117
21
148
248
49
39
393
138
69
37
21
62
51
124
142
165
194
3
54
38
149
31
18
45
46
196
255
240
60
389
37
251
3
15
102
8
35
165
20
13
35
275
78
322
23
100
431
63
21
87
19
140
69
170
70
149
149
281
229
43
79
13
98
18
88
569
207
92
147
84
33
86
80
61
46
47
12
14
99
7
22
168
55
54
7
47
166
210
21
117
166
33
138
21
27
129
20
7
40
178
155
15
2
403
26
42
3
233
1
13
118
146
15
11
20
241
78
21
13
56
44
212
137
200
211
61
102
18
40
10
168
21
220
97
32
9
53
41
24
243
24
8
130
65
120
6
164
91
207
68
26
4
93
83
33
37
213
121
32
181
77
48
91
1
65
9
5
83
12
147
115
40
18
117
22
18
67
91
124
106
67
2
233
387
68
2
110
31
110
282
55
19
54
15
118
111
524
35
50
78
108
138
63
85
6
111
201
132
174
38
35
377
64
52
118
57
73
26
34
56
145
109
48
81
60
17
14
137
139
43
152
33
6
64
76
167
76
42
56
137
225
9
65
64
21
7
32
70
12
68
9
74
66
1
161
301
9
124
35
2
153
27
85
14
165
115
46
140
41
13
218
21
23
54
47
140
49
119
143
50
21
101
35
160
200
1
137
19
157
68
58
52
98
74
91
14
31
122
298
66
33
8
16
257
6
5
136
29
3
48
22
296
56
197
163
247
246
3
80
4
400
332
32
464
5
17
110
192
39
137
37
54
101
19
26
163
28
63
74
6
89
118
72
282
99
36
247
46
102
123
96
86
33
197
89
17
71
180
236
15
199
3
10
69
97
158
32
61
68
21
43
99
36
116
196
160
22
20
89
145
56
75
59
8
166
62
108
28
302
206
146
31
104
144
12
19
74
94
37
34
44
102
153
36
57
495
196
136
19
50
83
33
171
161
163
132
46
99
54
130
4
74
108
18
97
59
123
308
42
41
182
69
62
181
18
274
34
67
194
455
67
36
224
119
254
31
43
57
388
38
42
62
119
109
22
312
83
220
39
382
15
146
74
230
117
27
127
282
185
15
40
8
126
68
87
260
67
26
188
3
9
263
4
44
21
23
122
361
78
75
64
154
2
79
284
43
21
340
12
350
3
40
8
75
62
123
95
16
48
5
41
69
274
71
65
93
53
244
179
86
153
97
54
38
144
121
5
12
72
125
113
41
262
230
88
28
291
64
95
44
38
30
201
6
33
3
502
36
102
79
17
210
51
166
86
241
30
247
252
98
171
48
68
49
92
15
266
64
177
32
16
38
84
3
186
473
38
29
66
42
3
11
194
25
31
47
133
5
7
230
142
68
72
23
9
31
19
20
98
182
19
40
52
75
6
141
189
84
25
2
146
233
1
83
8
96
33
204
233
39
2
162
24
143
28
334
64
24
82
31
55
21
23
1
8
251
37
5
144
51
52
23
196
69
8
171
2
6
170
79
121
156
2
11
37
26
210
50
13
1
168
47
45
189
9
61
66
127
10
5
60
62
6
2
24
491
54
31
149
632
121
131
191
99
18
35
1
54
121
12
79
186
66
30
105
23
24
51
59
217
26
7
8
240
28
35
269
16
21
1
9
145
22
78
25
175
125
313
123
327
276
502
178
11
308
89
105
105
65
5
143
316
132
8
285
122
35
237
243
49
76
161
232
120
322
97
74
95
82
89
24
281
70
166
24
33
136
26
227
2
349
229
96
83
226
156
19
105
291
76
136
21
189
1
96
154
143
244
68
19
190
43
96
40
67
30
194
132
30
198
11
209
145
55
178
111
90
270
160
3
68
87
50
116
573
113
379
21
40
97
449
24
481
31
41
61
116
50
227
29
45
243
13
164
89
152
64
121
90
182
71
22
6
43
27
31
89
42
54
98
61
255
173
133
24
11
16
117
143
14
36
135
104
39
47
91
67
20
6
161
24
54
101
29
20
54
18
180
15
34
132
109
120
38
62
12
166
57
79
28
12
221
316
256
121
53
54
214
50
13
76
144
39
90
28
165
4
17
61
10
5
134
98
119
69
282
179
68
145
89
222
191
73
150
260
45
90
2
166
30
32
31
179
8
259
45
160
43
80
93
1
15
4
198
90
18
109
113
220
293
180
84
29
250
155
10
103
216
12
16
8
107
14
178
29
32
44
434
19
144
145
205
103
114
47
88
52
85
189
21
253
251
1
32
5
7
264
100
40
85
49
33
12
19
35
81
49
328
5
226
38
181
50
14
161
31
46
25
243
91
6
8
121
49
67
423
55
57
69
5
408
94
134
63
85
77
1
73
30
9
160
51
124
9
57
71
27
30
151
59
136
47
23
19
37
220
108
16
103
24
170
205
2
65
187
227
57
140
261
18
118
113
100
75
95
98
178
55
331
33
159
67
97
219
33
274
18
23
95
111
6
168
207
58
103
43
53
97
51
128
404
26
64
154
128
28
376
198
175
9
4
27
279
107
38
40
42
49
725
204
211
20
78
23
36
27
75
15
6
308
1
16
147
267
173
3
12
9
34
114
22
71
240
83
78
73
48
147
23
15
15
4
7
103
259
48
142
32
302
5
111
6
41
38
221
2
94
39
17
129
120
414
42
204
234
86
56
368
294
5
241
40
39
163
74
40
240
38
175
87
155
6
6
65
30
18
203
116
363
154
170
30
59
51
5
133
27
147
154
8
3
92
