171
2 438 282
3 444 48 216
2 363 492
3 49 360 100
2 7 469
2 445 28
4 454 17 410 42
4 223 390 281 373
3 129 10 328
3 305 237 399
2 487 467
4 397 371 26 441
2 316 300
3 404 359 329
4 312 238 75 213
2 65 177
4 9 286 310 132
3 72 23 361
4 429 81 350 214
2 455 221
2 54 357
2 250 352
3 239 59 324
4 374 231 124 398
4 351 30 240 248
2 185 475
3 242 477 136
2 218 13
2 130 498
4 52 154 378 112
4 311 57 437 179
3 412 435 317
3 321 419 215
4 279 339 71 225
2 15 212
4 273 265 323 431
4 276 481 422 51
3 47 200 178
3 139 356 116
3 263 206 69
4 224 491 208 258
3 287 299 198
4 295 306 364 174
3 372 327 284
4 251 370 229 450
4 109 77 425 320
4 96 428 274 402
2 288 271
3 335 235 355
4 344 70 379 108
3 414 55 461
3 338 313 409
2 90 442
3 188 103 387
4 82 37 187 131
3 468 56 74
2 33 421
2 381 141
3 400 349 155
3 22 332 62
2 5 101
4 217 446 199 159
3 58 207 389
4 184 145 192 149
2 301 314
2 24 322
4 326 341 247 452
2 427 27
2 196 230
3 86 182 293
2 115 403
3 64 34 331
2 423 456
2 418 140
3 394 236 354
3 160 50 127
2 41 494
4 358 205 152 32
2 482 60
3 166 94 493
3 294 125 474
3 99 283 194
3 183 146 35
4 73 272 121 439
3 226 417 20
4 18 43 244 249
4 156 186 479 416
2 278 8
4 466 367 292 165
3 19 0 53
4 126 353 307 382
4 40 488 495 104
2 137 175
3 203 114 44
3 386 227 209
4 453 158 347 413
2 269 472
4 38 68 142 270
3 151 144 150
3 63 16 369
3 340 190 448
2 210 170
2 434 489
4 195 259 234 297
2 254 268
2 333 343
3 88 484 167
4 303 342 171 193
3 89 168 433
3 424 261 45
2 201 219
4 275 153 490 459
3 267 148 76
2 366 118
2 430 134
3 110 143 384
2 211 330
2 464 325
3 289 388 395
2 46 443
3 476 11 406
4 385 138 243 375
3 411 497 98
3 302 426 163
2 173 197
4 180 31 164 318
2 162 480
2 440 246
2 420 4
4 457 463 408 176
3 161 228 291
4 473 458 181 39
2 465 61
3 415 280 122
2 84 25
3 377 392 36
4 337 336 111 117
3 496 260 78
3 85 383 1
2 191 220
3 189 346 255
3 120 128 241
4 368 157 253 79
3 334 486 365
2 113 93
4 102 462 290 266
3 345 264 396
2 308 91
2 451 14
2 202 3
2 83 233
2 6 105
2 376 123
3 285 407 204
4 106 401 362 169
4 95 432 405 107
4 460 277 478 471
4 147 92 348 315
4 309 449 66 380
2 67 97
3 252 436 391
3 12 262 245
2 232 483
2 21 222
3 319 119 298
2 2 296
2 133 80
4 393 135 256 470
2 304 87
2 172 447
4 499 29 485 257