172
2 28 496
2 35 493
2 93 491
2 97 489
2 190 488
2 196 487
2 197 485
2 252 483
2 286 481
2 333 480
2 369 479
2 420 478
2 423 477
2 441 476
2 12 471
2 33 470
2 47 469
2 165 466
2 300 465
2 326 464
2 482 458
2 1 457
2 14 456
2 21 440
2 256 436
2 279 435
2 299 428
2 306 426
2 315 418
2 322 417
2 330 416
2 421 415
2 454 413
2 7 408
2 17 406
2 86 404
2 154 402
2 189 398
2 212 393
2 334 389
2 352 386
2 358 383
2 414 382
2 492 381
2 11 380
2 64 374
2 72 370
2 73 368
2 120 366
2 141 357
2 156 355
2 158 354
2 170 349
2 182 346
2 213 344
2 266 343
2 301 342
2 319 340
2 337 338
2 410 335
2 443 331
2 462 327
2 484 323
2 495 321
2 0 318
3 38 317 316
3 48 314 313
3 52 312 309
3 108 308 305
3 111 303 297
3 113 296 293
3 155 291 290
3 166 287 281
3 210 275 272
3 221 270 265
3 234 262 260
3 261 257 255
3 264 253 250
3 298 248 246
3 310 243 241
3 329 239 238
3 350 232 229
3 371 228 227
3 376 224 223
3 434 222 220
3 448 216 215
3 451 211 209
3 452 206 205
3 463 202 194
3 475 191 184
3 486 183 179
3 5 178 176
3 15 173 171
3 19 169 168
3 20 167 161
3 34 157 150
3 60 146 145
3 61 143 142
3 147 140 137
3 175 135 134
3 181 133 131
3 187 130 127
3 193 126 125
3 199 122 118
3 208 110 103
3 219 102 98
3 231 96 94
3 236 88 87
3 240 85 84
3 249 83 82
3 258 77 75
3 271 74 68
3 273 67 63
3 277 62 58
3 288 57 53
3 292 51 49
3 311 43 42
3 320 39 37
3 324 30 9
3 356 4 2
3 360 494 490
3 367 468 461
3 385 460 453
3 387 450 446
3 396 432 425
4 405 411 401 395
4 409 390 379 378
4 419 377 373 372
4 430 365 363 361
4 433 359 347 341
4 439 339 332 325
4 445 307 304 295
4 455 289 285 284
4 473 282 280 274
4 498 269 267 259
4 499 254 251 247
4 3 245 244 237
4 6 233 226 217
4 8 207 204 200
4 10 198 195 186
4 13 185 174 172
4 18 164 160 153
4 23 152 151 148
4 24 144 138 136
4 31 132 129 128
4 55 124 119 116
4 65 115 114 112
4 71 109 107 106
4 89 104 101 100
4 90 95 92 81
4 91 80 79 78
4 99 76 70 69
4 105 66 59 56
4 117 54 50 46
4 121 45 44 41
4 123 40 36 32
4 139 29 27 26
4 149 25 22 16
4 159 497 474 472
4 162 467 459 449
4 163 447 444 442
4 177 438 437 431
4 180 429 427 424
4 188 422 412 407
4 192 403 400 399
4 201 397 394 392
4 203 391 388 384
4 214 375 364 362
4 218 353 351 348
4 225 345 336 328
4 230 302 294 283
4 235 278 276 268