1628
4 1269 2140 2718 623
3 9571 1591 4995
4 3428 1743 5133 8461
3 7057 946 3965
3 7272 1764 965
4 4341 8351 9423 907
4 3284 7462 8599 5093
4 6898 3017 2577 4506
4 2518 8491 5138 7792
3 8425 5675 5507
2 8002 1791
4 7596 7236 7513 657
4 8711 2741 8495 311
4 4678 5771 968 8088
2 4439 6572
4 2693 1213 4564 1541
3 4783 7190 3840
3 6144 5124 7159
4 3043 6598 9870 3097
2 3755 8418
4 2936 2915 9550 574
4 7158 2593 7721 3309
2 7604 801
3 2461 9786 4200
2 2437 1245
2 1438 6343
3 932 5726 8914
2 7440 2312
2 4051 580
2 1459 9737
4 2201 4106 1873 6297
3 3584 6145 5914
3 9951 6446 8005
2 4629 5303
2 115 7808
2 9244 4721
4 8244 3865 5448 6143
2 4523 5898
4 2840 9378 2573 365
3 1179 9777 9061
4 2792 6127 821 2633
3 8672 1819 4121
4 9940 4063 4392 4689
2 3833 1661
4 3245 4672 1667 6915
2 3032 1786
3 3370 7346 4138
3 2934 213 4281
4 6181 2260 4333 14
3 642 4099 8855
2 398 1759
4 5413 1311 5711 466
4 9273 4548 2317 2767
3 9183 6910 8974
4 3004 7874 8773 4109
4 2697 1685 4720 7743
4 9842 7380 6862 3519
2 6453 3630
3 2457 1263 7966
4 9065 9257 7585 1536
2 3720 8617
3 1929 6857 9435
3 8939 5707 6186
3 8287 2137 4835
4 5827 7567 4557 2614
3 3410 5450 3875
4 454 4302 9157 9656
4 6886 6383 9956 9235
4 1726 3383 9617 8
4 5347 6936 2134 2537
4 9330 2005 4430 2536
4 4696 7563 1680 4447
4 6903 9504 6938 6220
4 9103 5810 2814 6069
3 3333 3548 9470
3 896 1017 9046
3 8469 1307 1410
2 9064 1860
2 2184 9646
3 8378 501 7240
3 636 1223 2036
2 3625 5157
2 5752 8404
2 4585 8545
3 7888 9274 743
4 7647 4262 3708 5748
3 4694 297 6619
3 2930 643 5113
3 9793 3858 7212
2 1184 3963
3 5982 6507 836
4 6008 3478 530 4712
2 9976 9216
2 5274 6750
4 7067 2406 8187 572
2 178 5316
2 8720 483
4 1195 5349 2429 1087
2 5645 6098
3 8606 673 8794
4 4576 9438 1327 3896
2 6826 7214
4 3773 1651 8658 7472
2 4222 7199
2 2427 4442
4 8601 7671 8980 5418
3 2506 6346 6149
2 1404 8809
2 2889 8546
2 6170 4848
2 4193 7851
4 9823 3313 8985 5015
3 1660 6266 3553
2 3536 3415
2 3122 5090
3 6566 2434 4395
2 6342 5141
3 9871 274 9629
2 2171 3279
3 3394 672 9200
3 1390 6188 2702
2 2196 2999
3 6151 1458 4151
2 576 3810
3 7922 2072 2829
2 3958 3386
4 5961 3244 603 7196
2 2119 9417
2 1785 3304
3 4589 6658 9763
3 5399 9078 6757
3 5990 3719 8374
2 3934 8488
2 9131 5372
2 8705 7861
4 3470 5013 596 5167
2 6927 2927
4 9222 8282 1980 9451
4 8655 1629 7626 7348
3 7868 5520 8166
3 9122 752 5893
2 8228 7923
3 4763 3836 432
2 1379 2799
2 793 7065
2 861 155
2 4232 6740
3 8141 2722 704
3 3599 4261 1780
3 7415 516 502
2 1489 3872
4 4669 2349 6132 9529
4 9154 7627 5222 8688
4 9368 5311 9979 4295
2 2975 7317
3 9775 1422 1399
4 7725 7327 8336 1739
3 9166 4841 5625
2 2314 6551
4 2104 732 6549 1312
4 9814 7761 6484 2777
4 7891 5053 6505 9058
4 7590 1944 5722 9136
3 9069 6249 2958
3 8261 6554 4234
3 193 9542 7694
2 5279 5862
2 2150 8880
4 731 594 3360 9152
4 2586 2120 6809 9383
4 8479 6010 6710 9392
3 4869 2533 3076
4 9153 9631 6703 4592
4 5504 1302 2606 3601
2 8619 487
3 5684 4647 1768
2 7755 26
2 5442 4424
3 8660 7203 162
3 7702 4544 8417
3 1405 8570 2050
2 4854 5144
4 9694 3619 6943 2585
3 3176 4879 7581
2 4659 4056
3 2323 2714 7098
3 889 6418 1378
2 3571 3842
3 5796 33 9553
2 9867 7088
3 3037 7941 1469
4 5033 3163 633 7529
4 8094 8142 9126 9977
3 2000 7453 1765
2 6773 9279
2 1097 7351
3 2098 7129 4568
2 9868 8332
3 4967 2084 2509
4 3420 490 7708 6072
3 9743 6635 3887
2 6681 714
2 2523 4566
4 7875 1690 9197 124
3 7444 1132 4698
3 7657 8557 4602
3 4644 8275 8286
4 9722 1345 1287 5081
4 7796 4871 8501 9883
3 8621 5592 8859
2 2770 1630
4 1679 6917 3549 3210
4 6832 4837 3409 740
3 1566 3292 2465
2 1761 6419
3 595 5350 644
4 4130 1411 8152 3517
4 4500 4751 7193 9271
4 929 1429 9176 6197
2 990 4900
4 3469 1188 8379 2773
2 7713 6379
3 2230 5336 4741
4 7587 6032 8721 8651
3 1362 813 1147
2 3435 5049
4 6251 257 280 8416
3 3308 1323 3699
3 4161 2959 7480
3 5308 4537 7354
2 1314 2261
2 4256 1186
4 8887 9234 649 638
2 1202 8692
3 4852 8900 5006
4 2237 2363 6003 1452
3 428 1393 9151
4 9919 9815 3257 9048
4 344 1701 437 7102
4 736 1903 5035 6230
2 2270 6135
4 3986 4330 8543 5997
3 8221 2595 1070
4 1267 5616 9950 8097
2 8392 8048
2 2407 7537
3 5265 5136 6368
2 4014 3859
2 5975 2132
3 1191 4700 279
4 4740 5547 1695 3095
4 5447 6875 7715 6336
4 652 2618 9941 4745
2 1828 7299
2 9012 2070
4 7773 8977 1013 1139
2 4998 1813
2 4868 327
2 6759 6012
2 5463 6374
2 1434 8387
4 4985 637 7890 8263
2 7962 9478
4 9917 7507 3702 5243
4 8485 2207 8320 9261
3 884 5496 956
3 6468 8074 1868
4 8605 6780 9599 4399
2 2758 7369
3 3844 7056 8366
2 4570 829
4 9937 8310 868 2298
3 826 6597 8466
3 225 812 6836
3 8709 9767 8826
2 4194 5848
2 3258 1762
2 1241 3100
3 7670 6291 8521
2 8777 6134
4 8741 9885 8036 5416
4 3628 6463 1402 8947
3 1341 690 1736
4 5159 6827 7793 2952
4 5534 9286 7285 2259
4 2433 693 3726 3387
2 5037 2521
2 922 4641
4 3365 9562 9236 1334
2 4134 8426
3 3554 7027 6575
2 5549 7597
4 9237 2806 1460 716
4 7081 8186 6051 6972
4 4775 496 2438 5960
4 4495 8480 3188 7929
4 4660 8875 9309 5262
3 1137 1692 1763
2 8789 7689
2 7613 9056
4 2436 7770 7384 306
2 3071 1991
2 9442 5618
4 4857 8877 1827 77
2 9017 4695
3 4166 5897 2409
3 7599 5086 8179
2 7220 3506
3 2046 4285 8056
3 5613 1325 5745
3 7454 9641 7639
3 4972 3734 9716
2 3627 6323
3 5483 3535 8576
3 4534 3102 888
3 873 2136 1965
4 5294 5588 4920 9114
4 8079 3127 706 1419
2 7179 6469
3 5191 6078 6071
4 7817 1028 9037 6211
2 9879 9606
2 6962 9220
3 969 2568 9985
3 7266 6944 8428
3 4759 8503 2032
2 1214 4571
4 2821 522 1628 255
4 5204 8907 1642 6476
2 7379 9245
3 4217 6999 3352
2 5376 1000
3 3995 7141 2981
4 4907 4811 6345 2334
4 2384 8629 6528 529
3 4167 5190 5355
2 592 7543
2 4767 4267
2 1735 7167
4 9434 1021 2228 4987
3 104 1084 8944
3 8846 9528 7643
4 4640 3735 417 4404
4 8731 9411 1075 7
3 4381 2786 6228
4 2211 4808 8909 654
2 215 6178
4 7235 7547 6865 997
2 1105 212
4 2989 7857 6854 1905
2 187 9168
3 9029 7059 4354
3 1289 7403 9194
2 6993 7410
3 7051 2088 367
2 6541 1557
3 2186 1067 8567
3 680 8145 6106
4 3305 8535 5078 3807
3 7897 9278 1871
4 1710 4127 2932 2839
3 5424 7241 7531
3 6304 4180 5087
4 4515 9548 3246 7833
4 3721 8918 4224 9907
4 9843 9753 3079 933
2 5419 7993
3 2288 4150 970
4 3697 8207 7040 9848
3 2164 881 9086
4 534 1358 9927 9997
2 3809 9039
3 6015 8277 4927
3 7312 3049 6480
2 4725 9862
2 2269 6679
2 4637 4599
2 1249 410
2 191 1613
3 9207 9779 2943
4 9028 2531 5540 9013
3 4270 2861 9180
2 3230 7791
2 4545 7684
2 6466 3436
2 8299 6367
3 6351 4897 3843
2 5536 9923
3 2733 7350 1513
3 7447 1884 3747
3 2416 6006 606
2 9987 6328
2 6767 4488
3 870 6894 5925
3 148 4738 9312
4 4108 8849 7555 8584
4 3256 1626 4684 647
4 5759 6424 2405 8011
2 8923 8778
4 6355 380 8229 4141
3 7106 961 8712
3 3655 5268 2045
3 3882 384 6168
2 6199 9989
2 421 6259
2 5542 757
4 6381 6113 5383 1745
2 1526 3147
4 3316 1837 9992 8204
2 4558 6372
2 3798 1859
4 3115 7208 5340 305
3 8109 1521 1800
2 59 1707
4 4929 2904 6991 2293
4 5458 7408 5551 7925
3 5656 5465 3483
2 3849 720
3 2382 407 4718
4 7314 9486 3388 1230
2 4802 6971
4 9314 9755 2481 4339
4 5077 7353 3695 3253
2 8252 1988
2 1455 56
4 2656 867 6796 2609
4 2179 9880 7217 3569
2 9577 3925
2 4716 9430
2 9277 6798
4 5197 7221 7131 8786
4 1098 9972 8064 1897
2 7464 989
2 4511 4780
2 7267 2190
4 2012 3307 3771 5922
4 6735 7935 9525 8810
4 7362 617 9852 9978
4 554 2864 2041 9519
4 8487 5795 1320 8596
2 5647 5471
3 1945 8065 3408
3 1861 2929 8225
3 1277 2933 8659
2 692 9096
2 9675 291
4 4306 5423 2178 2906
4 5480 9284 7052 2607
3 3593 2213 7961
4 7775 2658 3033 2440
3 5981 8910 4888
2 1451 3691
3 2727 7261 5110
2 4561 105
4 1185 4397 9866 7654
4 1808 4909 4057 1326
4 8472 9351 3936 982
3 913 2785 1874
3 8761 7988 395
2 9110 6283
2 839 1162
3 3022 1982 4692
4 9446 5474 1891 1174
3 5585 2468 6884
3 5629 7489 7916
4 6908 6122 3216 5173
2 3877 4997
2 7339 7280
4 6095 7738 2080 5063
2 5641 6661
4 8878 4729 7325 8785
3 4094 4758 5965
2 8525 8099
4 261 3612 9019 3835
2 8615 911
3 2968 7794 4690
3 5010 8134 7165
4 3860 9035 9607 6238
2 2873 702
4 7288 363 9826 4197
2 4264 1782
4 7729 9702 9975 3815
4 401 2292 9147 9187
3 8704 8912 756
3 1917 8765 7205
2 5407 3205
2 9327 5097
2 6467 3396
3 7934 2884 7840
4 5147 1754 7841 5162
3 8235 2167 1809
2 7374 9333
2 800 1428
4 7930 491 8238 1383
4 4822 4420 7653 3481
4 3572 5479 6062 3038
2 4861 7954
3 2435 8242 9625
3 4732 35 1852
2 2011 2694
4 1126 5886 2775 6873
4 1731 8067 4628 5150
3 5203 6835 3705
3 198 6754 1673
3 768 4774 9598
4 3617 9425 1063 7634
2 3996 4635
3 3083 6108 7264
2 798 6339
3 3404 2448 7422
3 4653 3251 9229
4 7806 5108 5721 6114
2 8236 5900
2 8958 2453
2 30 573
3 1049 8767 8108
3 2642 5510 216
2 5346 3746
4 5709 142 3131 7878
2 6823 4136
2 1650 1655
3 6488 5111 8861
3 7940 3467 7200
3 69 6013 9627
2 4688 3198
3 9395 1232 3445
2 8138 4498
3 3545 976 9276
4 4183 3040 2280 4072
3 8747 6445 1900
3 9764 9706 1106
3 5208 7289 4286
2 5706 8063
2 7959 7058
4 4359 1317 81 4146
2 3112 3703
2 1784 7640
3 341 3162 8685
2 4039 8459
3 3174 7377 6320
3 3424 646 5691
2 2945 5019
2 6878 5239
4 4532 9105 6156 7557
4 9160 6360 8841 3220
2 713 3499
3 9467 1875 6503
4 3869 5789 6438 6885
3 734 242 5233
4 6980 6180 9521 2912
4 6791 2003 2271 7145
2 273 1895
2 1448 3729
3 1272 7765 355
2 1104 2199
3 4390 3457 9339
3 7365 2765 2902
2 5278 6378
3 9326 5839 9687
4 8477 5153 4012 3709
4 159 2747 7958 3520
2 3288 6793
3 8643 8178 532
2 5844 1938
3 8864 2403 1065
4 7787 1322 9984 1270
3 2522 4953 5529
3 3254 219 2419
3 8173 834 6152
2 9036 3717
4 942 6594 7582 4608
4 397 1687 7445 9731
4 3733 721 8647 4003
3 9491 2277 3303
3 2401 1915 3758
3 6076 7887 8935
2 2561 78
4 7864 9952 9662 4054
2 4325 5115
3 5991 6440 6341
3 6869 8992 4834
3 8563 2483 5720
3 6708 6954 7970
3 2484 4772 3653
3 4190 7474 7429
4 3765 552 9010 2499
3 9045 9495 6668
4 1180 9704 2950 5560
3 7031 2170 1539
2 2681 2703
4 2077 7401 2670 1366
3 5232 5375 6347
2 1898 8529
3 7223 245 4905
3 3938 6560 863
3 7707 6426 1542
4 2684 540 5034 3250
4 2947 2795 9549 3804
4 9424 2862 2097 7592
3 9746 7709 3011
4 6215 5731 503 9181
4 1877 5348 3767 8682
2 2242 3222
2 6778 5770
2 476 4032
4 3555 1038 9551 3267
3 8833 42 3041
3 9690 4076 6459
3 8222 9567 9680
3 6243 8916 5246
4 4982 4191 3954 1026
2 9612 6254
4 5732 5286 1424 5074
3 2156 8561 7691
2 5378 5230
4 1571 4466 5481 2360
3 9667 7180 6242
3 9787 9289 2944
3 2637 8490 7171
4 1069 3828 9639 1025
4 5174 6713 9693 8086
3 1034 7469 170
3 5514 6102 5553
2 4297 5575
3 1698 8137 6329
3 1907 2219 249
4 4586 2732 8941 8542
2 6887 226
2 9247 2560
3 4085 6749 2055
4 1295 9844 8671 9512
4 8409 9389 1855 244
4 4706 6209 7927 1080
4 8729 3510 1356 97
4 2901 4058 6544 9903
2 6137 1061
3 2445 4068 9360
3 6319 9113 2835
2 3497 5476
3 7680 8581 1593
2 3235 2791
2 2913 5492
2 2569 5275
4 1332 9765 2983 1344
3 1079 8830 2053
2 6499 738
3 9097 8312 9108
2 785 1548
4 3458 7381 1725 1247
2 9895 420
4 8058 1518 3528 8257
3 6626 4064 3393
2 4461 2308
2 6248 1128
2 5832 2766
2 2467 9133
3 7016 4090 4836
4 400 329 1887 1280
4 2143 354 3255 6957
4 7310 8183 5631 5733
3 5060 770 5681
2 9089 9717
3 3551 5845 5620
4 4049 8380 8866 5284
4 988 2781 3664 669
3 3822 6276 1720
2 9768 2802
3 6545 8248 4154
3 3789 8873 9547
2 9595 1810
3 4441 513 2141
4 3503 8104 1058 6819
3 5007 1663 9882
3 782 4941 6451
2 3752 5798
2 3224 1839
3 2957 1986 2233
2 7395 7300
3 6408 6182 9432
3 1728 5185 260
4 8995 809 8135 2226
2 838 264
3 2426 686 866
2 7460 352
4 8689 7443 4007 4045
4 5469 6270 6694 3024
3 7734 4817 4603
4 180 7573 2701 664
3 7383 6595 6216
4 8431 2917 6321 1231
4 2112 8068 5728 8146
3 6744 598 1517
4 1039 3362 923 4510
2 1881 3439
4 6477 7562 8524 6815
4 3948 9636 6111 5638
2 8321 9955
2 6523 8255
4 1882 1146 127 8016
4 1974 9593 3532 1204
2 5452 7982
2 3950 7218
2 4904 4126
2 2760 5594
2 8834 4055
4 6417 3015 5206 1975
4 5176 6201 6578 726
3 1173 3969 4331
3 5688 2686 1909
2 2923 3953
4 4973 3876 6315 4645
4 8494 7704 4749 6659
4 2542 1581 9648 5082
2 3010 4365
3 4176 6978 2517
2 8592 4082
3 9159 4554 4816
3 8410 8370 2973
2 6608 218
2 5874 6470
2 5227 832
4 4128 5005 8038 765
4 9092 6121 6279 3135
4 452 5512 7011 4437
3 3678 1862 3259
4 7191 5039 8790 6317
3 7745 5635 369
4 8325 8436 9531 3059
4 6021 5648 7603 7616
4 2545 3753 2751 5220
3 3184 3971 9182
4 3019 2865 3449 5283
4 7419 9242 1487 1774
2 285 705
3 6627 3713 840
3 4355 7674 9487
3 8950 9145 7340
3 4955 6384 3706
4 9609 8096 7720 6159
2 3541 4892
3 4434 3929 8936
3 5558 2748 3825
2 8453 5296
2 3537 4229
3 3635 3595 9833
2 6091 3787
2 5644 4965
2 2273 1086
3 4401 2550 1578
2 1071 5763
3 8127 2532 6623
2 9140 1961
4 6567 3124 8331 3211
4 566 9538 3732 7667
3 8476 9541 1922
2 2924 9994
2 4100 3972
4 8462 9190 7838 7756
3 3229 9341 7357
4 9902 2014 4614 6998
2 5880 4020
3 9839 4475 6723
4 8289 909 3310 8627
2 3105 2430
4 9578 1530 5386 3193
2 6252 2723
3 2450 689 1496
3 2837 52 8080
2 5018 2757
2 9454 2500
4 6509 928 7946 5870
3 8136 6633 5836
2 7777 725
2 2657 7363
2 9374 2264
4 8664 2843 8314 3505
2 2311 7637
3 5921 6293 3219
2 2488 676
2 5685 8577
4 5723 6720 5905 2652
4 9231 9799 5412 9892
2 7163 1838
2 2728 5708
2 5642 7438
2 4902 7050
3 9370 2388 9774
2 7467 5943
4 4117 2076 7742 7502
2 472 4862
3 3016 7149 2161
4 429 8489 9515 2988
4 1559 4923 9696 9215
3 8502 5367 4272
2 7673 8159
2 4323 9246
4 3318 1467 5591 3266
2 9068 7625
3 6361 391 2937
2 7949 173
4 9878 6829 5453 9042
3 130 3587 2474
3 2278 9749 4102
2 6303 1850
4 824 8322 6389 8061
3 3450 865 2473
2 6020 3881
4 4782 6035 2717 1414
3 4593 1431 1099
4 1135 4098 6083 4445
3 9006 524 436
4 5916 5503 7073 46
3 2020 1208 8070
4 4111 6358 9970 6942
2 9782 3977
2 6109 4329
3 8103 1305 4765
4 1620 6987 6945 776
3 8012 5499 8450
3 5859 3060 8083
3 7013 5614 7723
4 3832 4823 5236 2710
2 820 9800
3 7822 3438 2511
3 8319 6157 4192
4 220 8603 5104 145
3 8698 8383 7021
2 1683 1730
3 5867 8932 210
2 1653 7210
2 6268 7795
3 6592 8888 8715
2 7372 3175
4 8307 5989 2655 3841
2 9600 8027
2 1273 1433
3 9555 2396 8553
3 2519 943 9948
2 6236 3640
3 402 494 3590
4 2501 1951 6981 9397
4 7650 5394 6455 4062
3 4581 2125 5667
4 4595 1822 8019 876
2 9385 3461
4 9354 7492 3518 9050
3 950 7645 1268
4 6292 1699 6666 382
2 8656 3688
2 1445 8022
4 6860 5999 9705 8797
4 6059 7182 2040 2867
2 1409 4742
3 5742 1815 2883
3 8180 6439 9613
4 258 6901 119 7139
4 5096 6139 9076 6839
4 2362 7827 4723 7873
2 786 362
3 2117 5320 195
3 4336 4293 6557
3 1847 8010 3743
2 9453 2602
4 8609 2439 5277 6866
3 9071 6932 7074
2 2195 3197
4 2339 7514 1381 4942
3 325 1200 7920
2 1355 67
4 8397 9311 9431 7100
3 4979 8518 9348
2 6019 7662
2 5251 3116
4 6044 5228 2612 8367
4 492 1568 3475 7345
3 5517 3922 2688
3 8662 9635 3021
3 8751 6830 2731
3 1426 1450 2391
3 1261 2177 1089
3 8283 7579 7866
3 8498 7366 5338
4 4784 602 2644 6949
4 4296 2353 4563 309
4 5516 7623 9270 1336
2 2351 1444
2 8560 3880
3 9170 2447 2122
2 6387 7760
2 7710 7466
3 8737 5764 8837
2 8394 3151
4 733 5632 1466 5576
2 4228 7975
3 3107 5657 3926
4 8769 6765 7455 9210
4 5199 1035 3382 1264
4 4508 7805 655 9943
2 1775 1949
3 4277 8541 1501
3 9163 7108 1978
4 6970 7222 3141 6771
3 5454 8364 9524
4 8467 3790 3861 1946
2 5928 9733
3 8017 8150 4061
4 422 4373 9308 6579
3 9260 3375 37
3 5430 2062 8281
3 1983 7610 8474
4 7879 8925 3075 3077
4 3149 724 1259 2894
4 9899 6000 3354 6229
2 7983 7096
3 8455 8434 3781
4 5589 2827 4340 4345
2 8770 7895
4 8115 1756 5704 1279
3 1203 9173 444
2 4881 9692
3 7308 6224 233
2 7335 3213
4 9232 9469 2340 6833
4 1554 6080 1068 5804
4 6204 5438 3346 7476
2 8259 5835
4 9414 948 6956 8771
2 5261 7114
2 7656 1647
4 5001 3443 5184 9707
2 3575 9450
4 199 5235 3369 22
4 7297 1182 2442 4426
3 5212 7138 343
2 5963 1118
2 6410 200
3 9331 1123 8290
3 8276 8034 8174
3 7883 6334 8661
4 2028 5864 66 8948
2 3757 7633
2 9169 6075
3 5526 8986 7896
4 1535 8147 8915 482
3 1190 6363 6641
3 5716 1374 373
4 9440 4520 379 5431
3 9031 4385 8544
3 9066 5730 9426
4 7703 5158 7568 8579
2 5379 5387
4 3249 6223 7301 3321
3 9647 3109 62
4 3068 6846 7928 2224
2 1015 5305
3 8602 4633 3491
4 1365 4173 7186 4889
4 8069 1594 3405 5515
2 4013 3007
4 4284 4346 5043 9091
4 3634 3780 3490 3557
2 4683 8153
3 7292 265 2715
3 5310 6331 3685
2 1889 2128
3 3618 3998 1656
2 6704 337
4 6177 6644 8825 3136
4 9813 9935 197 4092
2 6142 9594
3 4632 6698 9583
2 6667 9790
2 612 234
2 7099 222
3 2572 9287 2846
4 3983 8157 9874 60
2 7560 6882
2 7957 2336
3 6093 5101 8264
3 1972 6103 8163
2 8193 2992
3 7832 6864 5927
3 9929 2514 263
3 2800 8898 2622
4 1107 1585 4321 9673
2 5247 7921
4 8646 7601 266 88
2 9009 1156
2 165 9847
4 8182 9461 5884 8327
3 7181 2628 7575
2 8691 65
4 4279 3384 7018 167
4 8996 1831 3530 1256
2 6640 9820
4 7533 6631 683 3745
3 3677 392 9628
4 4789 5426 7324 2027
2 8612 846
3 6689 5962 4746
4 4030 9342 891 8463
4 2321 0 4360 232
4 3607 15 7361 8994
3 1583 4996 8354
2 9973 5968
2 9928 3239
2 91 5669
2 8538 2268
4 618 1212 6190 6194
2 2759 3513
2 6853 2397
2 547 718
2 6726 4131
2 7311 5302
2 3637 905
2 8984 5359
2 9405 878
4 5987 819 4583 7233
2 8933 780
2 9248 1544
2 7063 8098
2 2344 1677
2 6911 9379
4 6179 8829 9863 6650
4 7194 3286 8260 1686
4 4777 1216 5786 847
3 8650 7119 3237
4 4310 9922 4034 7305
3 8644 5964 3172
4 9054 5272 8217 1046
4 6045 9797 2131 700
2 8111 4178
3 2252 3046 5309
2 4743 6953
4 4478 2466 450 1783
2 6656 5713
3 8234 4926 6332
3 4480 2752 6128
2 205 9655
3 413 2624 2706
2 7024 4273
4 9697 6753 8758 2948
2 2566 5892
2 7054 9485
3 11 6622 2115
3 5652 4152 651
2 4821 3433
3 9390 1968 9652
3 4840 1062 5782
4 9369 275 5740 6063
2 9761 7183
2 6926 3020
3 3605 1004 2231
4 5123 4242 8624 4726
2 3295 9517
3 2375 7416 7333
2 4551 9559
3 8081 2954 5655
2 6559 8648
2 2092 8360
2 7376 5826
4 3447 4986 5267 7367
4 9233 9462 7881 6014
2 7658 396
3 6479 2920 6606
3 7023 5069 3768
4 3082 6272 4080 4041
4 4815 2059 1011 2258
4 4389 4948 259 7053
4 1052 8982 3819 7973
3 9788 8044 4736
4 7810 7133 7134 5615
2 4870 8037
2 3878 1347
3 6018 4992 4431
4 8673 4202 7298 2373
4 8026 1553 6900 2863
4 4935 7019 1956 4958
2 8023 2651
2 5363 5356
2 3192 2755
3 6133 8075 6784
4 5860 9404 5954 8742
2 2571 7736
3 53 6515 31
3 1801 7785 7910
2 624 4667
2 5121 4204
2 6206 188
3 4452 1303 3169
2 3367 8949
3 1793 3649 2905
2 3964 1251
2 2085 6859
2 7695 4930
3 8369 4208 3090
2 3890 3381
4 6068 8554 5919 370
2 6183 4251
2 3070 7157
3 6255 1711 3588
4 4945 6990 9178 2778
4 6576 1556 4864 9914
4 8288 7154 6147 3559
3 9256 974 6287
4 1178 3614 3928 9452
4 5193 5352 7917 8391
2 4017 2139
3 2417 4093 5406
4 7077 7083 4454 7122
4 3987 8265 2227 7473
3 1602 9148 2116
2 4677 1718
3 549 3613 1331
4 1265 8633 9580 1603
4 2673 7719 4831 1878
2 559 8881
2 4824 4470
4 2035 8840 7900 7512
3 7649 9566 6838
3 1694 8972 1977
2 1753 774
2 794 1635
4 5456 3480 5140 2338
4 157 7813 7069 6486
4 779 3201 2206 8203
2 435 5390
4 7586 2719 2768 9560
2 6311 9818
2 1144 3718
4 3899 9165 7413 1924
3 8008 9455 1748
3 4539 1853 6584
4 3283 9794 892 8054
2 8540 4847
3 2892 2941 3573
2 1896 877
3 1525 4708 7268
4 4553 7487 856 9304
3 1350 845 9724
2 7265 8039
4 9570 8295 7831 9574
4 2194 7931 2850 1218
2 4668 9962
3 4649 8550 6877
3 6207 8114 1125
2 9499 5240
2 7532 4010
3 9299 8768 6795
3 405 8499 6487
2 5791 5930
3 5139 9532 8835
3 6590 6444 6213
2 1649 32
3 9198 4004 204
2 2051 883
4 3034 960 9783 9897
4 5156 2361 9107 9684
3 1134 4112 849
2 2736 1120
3 9294 8384 985
2 4038 3739
3 8051 5497 4978
3 3515 6165 9670
2 2853 2498
2 8649 869
3 5045 318 6053
2 6046 5986
4 7753 5807 8519 8642
4 7665 8144 5806 6918
4 749 5574 3740 5743
4 9053 3185 9081 6359
3 1537 841 6491
4 4036 9568 1587 7764
4 3808 2677 1918 6645
3 9921 5777 6774
4 1934 3089 24 2535
4 7309 5785 9824 1563
3 8208 375 8291
4 571 8342 9545 1767
4 6141 9184 7072 9845
4 5014 7554 9930 9834
3 8902 750 7979
2 8967 5031
2 6366 7331
4 8701 790 8339 4412
2 1316 478
4 3534 2060 1948 1112
2 4387 1351
2 2599 1313
4 5231 6702 7522 7974
4 5693 1380 2101 5609
3 4362 2919 1333
3 8921 4347 1992
4 6089 3626 5462 5626
3 7164 8732 107
3 7216 671 8388
3 9657 3905 1121
2 3140 8105
4 1176 2629 113 6961
2 7589 5371
3 7156 302 4467
4 8421 3291 2307 7646
3 7026 6084 4268
4 3269 6390 3847 4490
4 3756 8089 1623 8522
2 262 5329
4 58 2687 8582 9477
2 9323 7255
3 619 9023 3094
4 5878 2200 3803 981
4 6166 7994 485 3120
3 1560 5937 5011
2 8258 3364
4 2129 3129 2974 7932
4 2666 9540 8338 2208
4 7692 9660 8376 6684
4 6495 3464 1646 2333
3 758 6404 9915
3 3778 95 9188
2 670 8337
4 9150 1914 6300 9400
3 5066 101 2711
2 4260 742
2 6406 957
2 6587 7095
2 4527 6065
3 339 9213 9252
4 111 2025 9954 6187
4 2303 2052 1461 3138
2 6452 4104
2 5393 3434
3 5434 1007 8408
3 7837 735 955
3 8690 5050 1574
4 6096 9093 7799 2969
3 1479 9102 9347
4 1149 7911 6920 5522
4 3110 3523 5038 353
2 4988 6593
4 426 6449 9953 6997
4 7329 9857 4876 6478
3 4077 4894 9691
4 6401 6131 8787 2152
3 8795 8060 9875
4 3763 3215 6094 7698
4 4761 48 8654 9251
3 3558 9115 5490
2 276 4744
2 3488 9780
4 2493 92 747 4375
3 9711 4623 206
2 5016 3272
4 9747 6717 579 4440
4 886 7017 5959 8946
4 548 9740 9253 250
2 7968 7109
2 4606 666
2 7660 9841
4 5593 6941 1511 3526
2 8232 8574
2 9307 8990
2 6074 5384
3 6399 4414 7124
4 7763 3432 1197 5814
2 1377 1306
4 8239 3641 5753 6874
2 7539 1962
3 4196 5437 1370
3 9316 8851 6922
4 7872 8110 5282 9077
2 2222 4860
3 3999 2665 3437
2 1512 8564
4 4865 7397 1442 3180
3 6746 6112 1843
3 4793 5044 2534
2 914 5995
2 3799 6119
2 8843 1219
3 1142 8009 784
4 3911 2075 5155 9026
2 7390 7952
2 902 9603
2 8666 959
4 6930 804 394 8007
3 998 5581 7101
4 4575 1394 3989 5112
2 3501 1952
4 7566 2387 9349 1964
3 8484 7319 6889
4 4791 3814 2006 7484
4 7914 321 8085 3693
2 9965 3543
2 808 9084
3 8630 8084 5831
3 9269 5781 1420
3 6458 3751 1995
3 7010 3643 5323
2 6284 3018
2 239 7192
2 6412 1555
3 2064 9206 6335
4 3155 9041 7737 3856
3 1631 7306 817
4 3207 3670 8223 2819
3 8565 6158 4946
2 2811 2073
4 5000 9381 2515 609
2 2390 6040
4 2089 3173 9179 1130
2 1921 6868
4 6904 5021 51 7501
3 7120 1717 9689
3 1008 4211 3055
4 4118 6196 9044 1652
3 9754 6434 8414
2 5735 7126
4 3866 2859 3299 8429
4 4372 2704 1597 4383
4 8552 6427 6588 5623
3 9338 8515 2157
3 2584 2102 1290
3 3223 7788 9192
4 4313 9615 613 7636
3 2459 682 4095
2 9130 5091
2 2243 3579
4 7430 6295 7330 2548
4 848 5068 9741 6024
4 8191 2763 3837 555
3 3988 149 3894
4 3195 8250 2240 5621
2 7724 5918
4 2962 833 9644 7672
2 8551 5293
2 677 153
4 7110 5255 7824 3507
4 3722 5017 5357 8600
3 7963 7797 8439
3 2395 1551 2730
2 9808 2378
3 2342 120 825
2 3960 1054
3 7228 7730 9810
2 7068 6805
3 2716 8280 5847
2 4133 9427
2 3177 1073
4 3737 2047 1343 4158
3 2063 4084 1755
4 7735 802 7495 3624
2 5820 8513
2 9195 6863
3 4115 5084 4773
3 8284 4890 8635
2 6834 5117
4 816 3783 2836 6405
3 6247 589 9721
4 3153 2822 176 4704
4 6261 860 9539 7207
3 2485 7778 7545
4 5523 1851 2294 8049
4 7620 4994 2678 4069
4 6611 2031 9382 8598
4 3895 7034 3248 3893
2 4006 4040
4 9305 7939 8106 2159
2 5628 8514
4 5244 9632 924 6951
4 6420 2246 3402 5330
2 1239 3979
2 9947 4289
4 1832 7517 2109 658
3 3910 8267 694
4 5200 3264 575 2653
4 122 5606 4901 2065
2 5992 5254
4 2221 2023 9267 8343
2 5819 2165
3 746 1670 2160
4 4276 986 98 9887
3 6522 4496 5579
4 6048 4078 9616 9776
2 9750 6090
2 7594 5487
4 2558 2400 7938 2393
3 449 6402 962
4 8298 2707 9111 4928
2 918 4456
3 2620 4274 9651
4 5088 4097 4005 3912
2 975 3087
3 3539 5120 917
2 2578 9505
3 9355 1795 2337
4 2942 4465 1260 9288
3 7246 5599 4679
3 7518 5902 4913
3 8014 3903 2037
4 3419 4481 1890 3666
2 7803 7420
3 6678 1018 6625
4 2664 6036 335 2347
2 6837 5428
2 9217 3942
3 2082 9729 5353
3 3961 4578 4135
3 1999 6812 6766
2 8555 1330
4 8445 6077 7771 7884
2 1403 3944
4 5555 2951 3933 1940
3 3390 6253 1849
4 4143 6054 2147 6563
3 3157 9807 7758
4 9967 1335 8395 9913
2 8335 4787
4 9890 253 5433 5944
2 4670 543
2 4409 5994
2 1309 9725
4 5129 7705 9320 2256
4 688 9597 7225 1941
2 2574 2357
2 269 8957
4 978 3431 3084 1443
3 1586 5106 3103
2 6028 3453
2 4549 908
4 8046 4981 2513 146
3 7943 7007 5808
3 9403 2868 949
4 5409 1483 3596 6682
3 7006 8547 7798
2 1592 7505
2 4314 556
2 44 9373
4 7996 4850 4307 791
3 7598 4893 7250
2 5627 9554
3 5853 2081 4324
4 7499 6858 4542 527
3 551 5079 6751
3 7741 6787 1103
4 6066 6973 182 9123
4 3524 85 1177 1224
3 3479 2188 2663
3 3324 9272 2659
4 6231 7130 5099 2817
2 8177 6861
4 563 5127 6687 1161
3 8311 1300 3238
2 7635 8669
2 9228 3225
4 8270 5857 1189 4685
2 8622 7450
4 8723 4887 6683 3873
4 3531 4552 3603 7195
3 8725 6184 5578
3 2530 9855 7985
4 6896 2998 1682 4113
3 2888 2552 8805
4 8486 5696 3494 5421
3 9946 9901 1382
3 6246 6975 2324
4 3916 9040 308 1912
3 347 1457 9620
3 9335 1386 3892
4 805 6527 7055 3606
3 4132 9386 5179
4 2555 7349 7622 8140
4 3692 7553 7468 7316
3 1425 2790 2135
4 9900 2964 4573 1866
3 4046 6217 1339
3 6492 6547 312
3 7452 7678 7269
4 2594 8432 2425 2540
3 6974 87 1520
3 6983 992 4810
3 1464 2370 304
4 1727 2272 6307 626
4 5894 5842 4214 2017
4 7328 9506 4421 9996
3 4788 2708 1152
3 8645 6772 9509
3 1236 8614 7385
3 6318 2095 5249
3 8442 5321 8318
3 6517 1133 1050
4 500 6219 1721 853
3 4624 872 5295
3 8511 1389 4318
4 3923 1845 2866 2304
4 4565 3379 7490 3886
3 7404 9049 5861
4 2048 4348 7423 1807
3 1624 3650 4779
3 9854 6648 7370
4 4547 4254 1834 2705
3 1499 3823 9614
3 921 9587 3821
3 278 8033 8575
4 2126 951 9118 7542
4 8211 8736 6118 8278
3 1504 5473 2138
4 4559 9622 4577 9637
3 7552 1508 8942
3 4033 6309 2699
3 2823 1558 8427
3 1622 9836 5801
3 1255 6955 1005
4 6700 5164 9714 4963
3 90 3236 9736
3 8433 4541 1281
3 1696 6574 5830
4 6325 5762 7580 568
3 5907 4169 6164
3 7202 3092 3792
3 9608 8509 1373
3 1160 7525 6769
3 4319 5181 6031
3 6442 2315 9034
3 7456 4936 1477
4 1584 653 6482 412
4 751 7642 7432 82
3 2538 7902 5976
3 7066 504 9791
4 4388 9415 2217 755
4 991 8032 4719 4422
4 7976 2319 1296 8131
3 3547 2591 169
3 6448 4524 2551
3 727 783 9283
3 5873 2176 3061
3 4884 3712 8951
3 1076 9275 1799
3 8702 9520 2516
4 8533 2953 4311 4145
4 7937 1772 5205 3422
3 9851 4503 3981
3 9850 2789 4188
3 7779 8385 5590
4 3620 8911 8532 4266
3 4218 6948 1367
3 6792 194 525
3 8755 9202 1129
4 5996 2830 6125 5270
4 3088 4715 5004 7136
3 5772 5080 3339
3 4838 2295 4026
3 2331 9465 3818
4 7826 4947 7387 3268
3 4376 7508 8901
4 2541 8386 3529 3045
4 6553 6706 4580 49
3 3064 9464 1372
4 8960 7146 5142 8588
4 2600 6952 2907 6167
4 996 2939 6525 330
4 7296 7591 7287 1206
4 8945 6192 2198 475
4 1689 8845 8665 5891
4 1157 9088 6290 4029
4 4484 6992 2737 8117
4 5823 5702 607 4803
4 4140 2630 7978 2328
4 9380 1524 2916 471
4 6820 8050 5775 5397
4 885 6400 708 8959
4 8938 9535 7414 5977
4 6324 9621 4246 3241
4 5460 6281 2971 8430
4 9361 5440 5577 844
4 8168 4291 3827 227
4 3943 699 1124 5942
4 4275 6958 1248 1494
4 1659 3846 2527 4794
4 2949 8836 843 6456
4 2309 3761 3654 5600
4 6265 966 5912 1242
4 4363 9576 648 8792
4 9189 4713 3945 1733
4 8406 497 7726 4800
4 7663 8454 4974 2016
4 2735 2067 1821 9474
4 6415 499 7876 179
4 3191 8293 2784 5258
4 5538 9828 6176 8148
4 659 3455 5887 3234
4 8226 3838 7995 967
4 9945 9057 3769 6140
4 9059 1010 7382 3277
4 2985 7458 4287 6498
4 3668 8128 4711 5152
4 8791 4502 9295 4023
4 9926 3013 2174 2833
4 8683 4408 8956 8798
4 3053 484 7977 5500
4 389 4357 5545 338
4 3651 4137 6256 4171
4 9986 5271 2828 8607
4 6263 8001 6986 9626
4 8256 2010 5307 7211
4 7852 1502 7712 5714
4 2820 2389 4526 3776
4 5057 1947 4797 72
4 6512 506 1609 5242
4 2676 3008 4673 3770
4 9337 4584 9429 209
4 5075 5319 68 4396
4 5171 7602 2895 8437
4 9001 6232 8804 1713
4 1491 2354 9654 3852
4 2013 5803 2464 8274
4 8328 7722 4087 3054
4 4322 3495 1348 2043
4 4047 1676 7782 6396
4 19 4648 5697 7162
4 1167 3850 301 1369
4 6483 481 8116 5837
4 3496 3242 8206 1205
4 1235 5322 5749 2034
4 8917 2660 7858 8952
4 1253 1031 9918 2421
4 9859 6663 3874 1970
4 6104 5901 99 2068