10
152 basil 2 6 10 12 14 16 17 19 21 24 28 31 33 34 35 38 47 48 51 55 60 61 63 64 68 72 83 84 86 90 93 96 97 99 105 106 107 108 109 111 112 113 120 121 123 128 138 141 144 147 150 155 165 170 171 187 188 189 190 191 192 194 195 196 197 199 200 205 207 208 210 212 213 221 226 230 231 237 245 246 249 252 255 256 258 264 267 278 279 284 286 287 299 300 301 306 310 311 319 320 322 326 330 333 334 337 339 341 345 348 352 356 357 360 367 369 370 372 376 378 385 388 399 403 405 409 410 419 420 421 423 424 434 441 443 445 448 449 450 454 455 462 473 475 482 484 488 492 494 495 497 499
140 cheddar 0 1 7 11 12 14 15 16 17 19 21 23 28 31 32 33 35 38 45 47 50 56 61 62 64 65 67 69 72 73 80 81 88 90 93 97 98 100 111 117 119 120 125 132 137 147 153 156 158 159 165 166 170 172 185 189 190 196 197 199 204 206 209 210 211 212 221 234 235 236 247 252 259 263 266 273 274 279 282 286 289 291 292 296 300 302 308 315 320 322 325 329 330 333 334 345 350 352 353 356 358 361 363 367 369 371 385 386 393 394 396 400 404 405 409 410 414 420 421 423 430 433 441 443 445 449 451 452 454 461 462 463 475 478 482 487 491 492 495 498
142 emmental-cheese 0 1 3 5 12 14 15 17 20 23 27 28 33 34 35 37 40 47 48 55 57 59 60 61 65 66 72 73 76 81 87 91 93 97 105 107 108 109 117 124 129 139 141 143 154 155 156 158 160 164 165 168 175 178 181 182 184 187 190 196 197 199 204 208 210 219 221 234 235 242 247 249 251 252 253 256 269 273 279 283 286 288 293 294 299 300 301 303 304 306 315 317 318 319 322 326 330 333 334 337 338 344 346 353 354 358 369 371 373 387 389 394 396 397 400 401 405 410 414 416 420 421 423 434 437 441 443 445 448 452 453 455 462 463 467 468 471 474 486 492 497 498
149 ham 7 8 9 11 12 14 18 19 20 22 28 29 35 42 43 47 48 52 53 58 70 72 73 75 82 86 89 93 97 100 111 112 113 119 120 121 122 127 132 147 149 151 152 158 160 163 166 174 177 180 181 189 190 196 197 198 201 212 213 222 223 225 227 231 233 236 244 248 252 256 258 261 264 266 271 276 277 279 286 288 292 298 299 300 306 315 320 322 324 325 326 328 329 330 333 334 337 351 358 360 364 366 369 371 376 379 384 387 391 392 395 399 406 409 412 414 419 420 421 422 423 424 427 429 430 431 433 434 435 438 441 442 443 444 447 448 454 456 459 472 475 482 483 484 489 490 492 495 497
138 mozzarella 1 3 5 6 7 10 11 12 13 15 17 18 20 21 25 27 28 30 33 35 41 47 49 52 56 59 64 69 71 73 79 90 93 97 115 116 120 133 141 145 152 154 155 156 159 165 170 174 179 182 187 188 189 190 193 196 197 200 207 210 212 213 216 218 220 236 239 243 251 252 256 259 264 266 268 271 279 284 286 288 289 290 295 298 300 302 310 315 319 321 322 324 326 328 329 333 336 337 349 350 352 353 358 359 362 365 369 377 390 392 396 398 401 403 413 414 420 421 422 423 430 434 440 441 443 445 451 452 454 459 466 472 482 484 486 492 495 498
150 mushrooms 0 1 6 7 11 12 13 14 15 21 24 26 28 29 33 34 35 38 40 44 47 48 52 55 60 61 72 74 76 78 86 89 91 92 93 97 108 111 113 139 142 144 153 154 162 165 166 170 173 182 187 190 192 196 197 202 203 208 212 213 219 225 226 230 231 241 244 249 252 254 256 258 261 263 265 266 268 271 277 279 280 283 285 286 288 292 295 297 298 299 300 301 302 305 306 309 310 311 312 319 326 328 332 333 334 336 342 348 350 351 352 356 363 367 369 371 373 375 378 381 382 388 392 407 420 421 423 425 426 430 439 441 443 446 448 451 452 453 454 458 460 467 475 477 481 482 484 493 495 498
151 neapolitan-crust 0 1 5 7 8 11 12 14 17 18 21 22 23 24 28 33 35 36 46 47 52 54 65 66 71 73 86 89 92 93 97 99 101 102 104 105 108 120 129 134 140 141 147 154 155 156 157 158 162 163 165 167 170 172 175 176 181 186 188 190 193 195 196 197 201 203 212 213 214 215 217 234 240 242 252 256 258 260 261 263 268 269 276 277 278 286 294 298 299 300 301 306 310 311 315 319 322 324 326 330 331 332 333 336 337 341 347 352 358 360 362 364 368 369 371 372 375 376 384 387 391 397 399 400 403 408 410 411 414 415 417 419 420 423 427 431 432 433 437 438 439 441 447 454 457 462 473 482 485 486 499
135 onions 0 1 5 7 12 14 19 21 28 31 32 33 35 36 38 39 41 44 47 52 54 64 71 78 79 85 86 93 95 97 99 106 115 117 123 124 126 136 139 141 149 154 156 158 164 165 166 169 175 177 182 185 186 189 190 192 196 197 198 214 217 218 219 225 230 237 238 240 252 257 262 264 266 278 280 285 286 299 300 306 307 314 315 319 320 322 323 326 330 333 334 335 337 339 343 352 356 358 360 369 374 376 388 391 394 395 405 410 411 412 414 420 421 423 424 429 431 437 438 439 441 442 444 449 454 460 463 465 470 472 473 482 486 492 496
135 pineapple 1 4 7 8 14 17 20 21 25 28 33 35 46 48 64 77 80 86 93 97 104 111 113 114 116 118 120 121 123 128 130 131 135 136 138 141 148 154 155 159 161 163 165 177 180 182 183 189 190 193 196 197 203 208 210 213 218 221 228 231 232 234 240 245 249 252 256 261 264 266 270 273 274 275 276 277 279 281 282 286 294 298 299 300 301 306 313 315 316 324 326 329 330 333 334 340 345 347 348 350 355 358 362 364 367 369 383 385 387 397 407 412 414 418 420 423 428 429 433 441 451 452 455 462 463 468 469 474 476 482 484 490 492 495 499
152 tomatoes 1 3 10 11 12 13 17 21 26 28 33 34 35 38 45 47 50 60 64 70 72 73 86 91 93 94 95 97 101 103 108 110 113 114 146 148 149 151 154 156 158 162 165 166 170 175 180 181 182 189 190 193 196 197 199 201 212 214 219 221 224 229 233 234 235 236 240 242 250 252 254 256 261 267 271 272 273 279 283 286 292 299 301 304 306 307 310 311 315 322 326 327 329 330 333 350 351 352 359 361 365 369 375 376 377 379 380 384 385 390 396 402 407 409 410 419 420 421 422 423 425 427 432 434 436 439 441 442 444 446 447 448 450 451 454 455 459 461 462 463 464 467 473 474 475 479 480 482 484 486 494 499
